# [1] k:    [h/Mpc] 
# [2] P:    [Mpc^3/h^3] 
# [3] T:    [Mpc^3/h^3] 
# [4] Delta_k 
3.059023205018257859e-07 1.702299040182619461e+00 3.702826682274589984e+04 2.468621048091994297e-21
3.215862678579245412e-07 1.788159004075597691e+00 3.704635746136555099e+04 3.012790126910288410e-21
3.380743483904743061e-07 1.878349542812165041e+00 3.706445693840066087e+04 3.676912807586872088e-21
3.554077908890640533e-07 1.973089080412411489e+00 3.708256525816934300e+04 4.487430994226417255e-21
3.736299379885273404e-07 2.072607057688862220e+00 3.710068242497496249e+04 5.476615297043500595e-21
3.927863545481053003e-07 2.177144487915218640e+00 3.711880844317359151e+04 6.683849879904095111e-21
4.129249415873286729e-07 2.286954540502765365e+00 3.713694331707282981e+04 8.157200532454917054e-21
4.340960560635169786e-07 2.402303154137118035e+00 3.715508705101612577e+04 9.955328399401164222e-21
4.563526367904018199e-07 2.523469680819805827e+00 3.717323964929838985e+04 1.214982556154066937e-20
4.797503368127355169e-07 2.650747562417470338e+00 3.719140111626730504e+04 1.482806545937193871e-20
5.043476625678916271e-07 2.784445041312922253e+00 3.720957145625577687e+04 1.809668164812246775e-20
5.302061201824328858e-07 2.924885906907781941e+00 3.722775067358190427e+04 2.208581339018861283e-20
5.573903692694645323e-07 3.072410279788379217e+00 3.724593877261668240e+04 2.695428712242902783e-20
5.859683846113473662e-07 3.227375435416221183e+00 3.726413575768246665e+04 3.289594009705311876e-20
6.160116261320592563e-07 3.390156669393432853e+00 3.728234163313758472e+04 4.014733797093915493e-20
6.475952175842278093e-07 3.561148206338033972e+00 3.730055640327468427e+04 4.899719361704025275e-20
6.807981343976415384e-07 3.740764154650430218e+00 3.731878007249025541e+04 5.979786216674501263e-20
7.157034011589609116e-07 3.929439509373051198e+00 3.733701264511510090e+04 7.297936995455688257e-20
7.523982992164306405e-07 4.127631205675586834e+00 3.735525412548210443e+04 8.906653592577875115e-20
7.909745849287134463e-07 4.335819225479398575e+00 3.737350451799423172e+04 1.086998671922233453e-19
8.315287191035797356e-07 4.554507759840936032e+00 3.739176382694613858e+04 1.326610606865558378e-19
8.741621082001717898e-07 4.784226430050754431e+00 3.741003205672807962e+04 1.619041262614267836e-19
9.189813578979717484e-07 5.025531570242746326e+00 3.742830921168992791e+04 1.975933703892971794e-19
9.660985396665287929e-07 5.279007574739431163e+00 3.744659529619220120e+04 2.411497527787462070e-19
1.015631471002508262e-06 5.545268313339895450e+00 3.746489031459753460e+04 2.943074615847595550e-19
1.067704010034801725e-06 5.824958617993472920e+00 3.748319427127071685e+04 3.591829597434225764e-19
1.122446365234364056e-06 6.118755844455295190e+00 3.750150717057011207e+04 4.383592514960056356e-19
1.179995421003214005e-06 6.427371512721478553e+00 3.751982901688182028e+04 5.349887241574408359e-19
1.240495079956737545e-06 6.751553030176707715e+00 3.753815981456849113e+04 6.529186597495919910e-19
1.304096622755184042e-06 7.092085501677590109e+00 3.755649956799488427e+04 7.968444137218054631e-19
1.370959086384113674e-06 7.449793630938092548e+00 3.757484828156208096e+04 9.724963595369402275e-19
1.441249661829700436e-06 7.825543717769995133e+00 3.759320595962203515e+04 1.186868042275521447e-18
1.515144112143284134e-06 8.220245756125414971e+00 3.761157260656301514e+04 1.448494625157927373e-18
1.592827211940548929e-06 8.634855637906195369e+00 3.762994822675832984e+04 1.767792715260771327e-18
1.674493209434307728e-06 9.070377467967331242e+00 3.764833282460908231e+04 2.157475098528394793e-18
1.760346312156213177e-06 9.527865995841819924e+00 3.766672640449287428e+04 2.633056896652886718e-18
1.850601197581954108e-06 1.000842917015477340e+01 3.768512897079799586e+04 3.213473298366360796e-18
1.945483549936765273e-06 1.051323082185673741e+01 3.770354052791486902e+04 3.921833459975893218e-18
2.045230624523543909e-06 1.104349348279692578e+01 3.772196108023607667e+04 4.786340591535566785e-18
2.150091840984688092e-06 1.160050134645315190e+01 3.774039063214776252e+04 5.841414861688469728e-18
2.260329406981118614e-06 1.218560337802103710e+01 3.775882918806395173e+04 7.129063829413729506e-18
2.376218973848010330e-06 1.280021658131500395e+01 3.777727675237508811e+04 8.700554966089809579e-18
2.498050325866710336e-06 1.344582943050424717e+01 3.779573332949094038e+04 1.061845685904187335e-17
2.626128104876382668e-06 1.412400547487267488e+01 3.781419892378903023e+04 1.295913036658878086e-17
2.760772572037287162e-06 1.483638712549418415e+01 3.783267353970061959e+04 1.581576890952078800e-17
2.902320408650496801e-06 1.558469963277282666e+01 3.785115718162473058e+04 1.930210894739276304e-17
3.051125558036519890e-06 1.637075526468839470e+01 3.786964985396253178e+04 2.355695837162678649e-17
3.207560110577962700e-06 1.719645769578189842e+01 3.788815156114316778e+04 2.874972311239405137e-17
3.372015234139298021e-06 1.806380661745099303e+01 3.790666230758073652e+04 3.508715199986291495e-17
3.544902152190277809e-06 1.897490258081222336e+01 3.792518209767425287e+04 4.282156842513004446e-17
3.726653172078803499e-06 1.993195208386016404e+01 3.794371093584208575e+04 5.226091654273901493e-17
3.917722766024474580e-06 2.093727291518313294e+01 3.796224882652206725e+04 6.378102200211692196e-17
4.118588707535861475e-06 2.199329976715273105e+01 3.798079577412826620e+04 7.784055536622194269e-17
4.329753266093139866e-06 2.310259013230183811e+01 3.799935178307694150e+04 9.499929398305976613e-17
4.551744463083409039e-06 2.426783049712029339e+01 3.801791685782104469e+04 1.159404094026304614e-16
4.785117392129195949e-06 2.549184284809937040e+01 3.803649100276386162e+04 1.414976677073037048e-16
5.030455607111644826e-06 2.677759150613054473e+01 3.805507422233674879e+04 1.726886257324486265e-16
5.288372581359179674e-06 2.812819030551098010e+01 3.807366652099053317e+04 2.107551448767518318e-16
5.559513241650373021e-06 2.954691013498743146e+01 3.809226790315226390e+04 2.572128355508351185e-16
5.844555580866815540e-06 3.103718685926189025e+01 3.811087837325981673e+04 3.139114008855651461e-16
6.144212353328471540e-06 3.260262963996423480e+01 3.812949793574454088e+04 3.831082822708427512e-16
6.459232857050738118e-06 3.424702967641709961e+01 3.814812659507466014e+04 4.675585389081018417e-16
6.790404807379771878e-06 3.597436938703753384e+01 3.816676435566852888e+04 5.706245399080850455e-16
7.138556306691162195e-06 3.778883205411575119e+01 3.818541122197268851e+04 6.964098363075112534e-16
7.504557915077204533e-06 3.969481195490665471e+01 3.820406719845321641e+04 8.499225430861987417e-16
7.889324827200587103e-06 4.169692500363469634e+01 3.822273228955231025e+04 1.037274736204533929e-15
8.293819160757753291e-06 4.380001993038861485e+01 3.824140649971435778e+04 1.265925803615918307e-15
8.719052362274285227e-06 4.600919002389156987e+01 3.826008983342067222e+04 1.544979439223589108e-15
9.166087736248057605e-06 4.832978546626033278e+01 3.827878229510258825e+04 1.885546104522545440e-15
9.636043103964330830e-06 5.076742629029737230e+01 3.829748388922404411e+04 2.301185389279987984e-15
1.013009359863121538e-05 5.332801599006995730e+01 3.831619462025551911e+04 2.808445883733931950e-15
1.064947460382478790e-05 5.601775581796647430e+01 3.833491449265224946e+04 3.427524057211260134e-15
1.119548484259151579e-05 5.884315980302675797e+01 3.835364351088909461e+04 4.183068376288412444e-15
1.176948962493235138e-05 6.181107052657052492e+01 3.837238167943001463e+04 5.105160678271363761e-15
1.237292426178888029e-05 6.492867569364082669e+01 3.839112900274113053e+04 6.230513873188777371e-15
1.300729765406831334e-05 6.820352554029457792e+01 3.840988548530823755e+04 7.603933660548295226e-15
1.367419606568169201e-05 7.164355111864838932e+01 3.842865113158872555e+04 9.280102458772273503e-15
1.437528709002991615e-05 7.525708350454625872e+01 3.844742594606838975e+04 1.132575657414419664e-14
1.511232381985586521e-05 7.905287397372705982e+01 3.846620993323521543e+04 1.382234329272664476e-14
1.588714923088939049e-05 8.304011519561019838e+01 3.848500309755314811e+04 1.686926368681348161e-14
1.670170079024660794e-05 8.722846349638726338e+01 3.850380544351891876e+04 2.058783024764348459e-14
1.755801530110687162e-05 9.162806224458121562e+01 3.852261697561397159e+04 2.512609691655420661e-14
1.845823399578163895e-05 9.624956641638731014e+01 3.854143769832192629e+04 3.066475382135952098e-14
1.940460788991057802e-05 1.011041684000309431e+02 3.856026761614173301e+04 3.742432141560622897e-14
2.039950341117315543e-05 1.062036251014369412e+02 3.857910673356141342e+04 4.567393045376560559e-14
2.144540831659045798e-05 1.115602864172614375e+02 3.859795505507553753e+04 5.574203737533847590e-14
2.254493791321357228e-05 1.171871251439069255e+02 3.861681258517649985e+04 6.802950172852383420e-14
2.370084159775344190e-05 1.230977683951948904e+02 3.863567932836766704e+04 8.302554630840896479e-14
2.491600973150475266e-05 1.293065306045849923e+02 3.865455528915900504e+04 1.013272354591222169e-13
2.619348086775470484e-05 1.358284481917508515e+02 3.867344047203630180e+04 1.236632470642815135e-13
2.753644934974891994e-05 1.426793159782538680e+02 3.869233488151831989e+04 1.509228847031398844e-13
2.894827329821342076e-05 1.498757254392222933e+02 3.871123852210844052e+04 1.841914850843050219e-13
3.043248300840562692e-05 1.574351048848355390e+02 3.873015139831663691e+04 2.247936304974145244e-13
3.199278977769132648e-05 1.653757616682553930e+02 3.874907351465069223e+04 2.743458867768412735e-13
3.363309518572123809e-05 1.737169265226109474e+02 3.876800487563158822e+04 3.348211665287602984e-13
3.535750085041236633e-05 1.824788001339773871e+02 3.878694548577592650e+04 4.086272802292171111e-13
3.717031868412924126e-05 1.916826020635463124e+02 3.880589534960029414e+04 4.987028026890996350e-13
3.907608167571078754e-05 2.013506221373181120e+02 3.882485447162349737e+04 6.086340717889060993e-13
4.107955522530357004e-05 2.115062744278127980e+02 3.884382285637315363e+04 7.427979777633645218e-13
4.318574906034433776e-05 2.221741539582863822e+02 3.886280050837249291e+04 9.065362281602730494e-13
4.539992976248807967e-05 2.333800962671770094e+02 3.888178743214692076e+04 1.106368026797146343e-12
4.772763393680535859e-05 2.451512399768271848e+02 3.890078363222851476e+04 1.350249634482995657e-12
5.017468205617894183e-05 2.575160925179067704e+02 3.891978911314931611e+04 1.647891145859873405e-12
5.274719301551768723e-05 2.705045991689324865e+02 3.893880387944582617e+04 2.011143094768127886e-12
5.545159943218107865e-05 2.841482155778542733e+02 3.895782793565231259e+04 2.454468280744958736e-12
5.829466373087315435e-05 2.984799839415912857e+02 3.897686128630526946e+04 2.995517602330034470e-12
6.128349505322671351e-05 3.135346130279061754e+02 3.899590393594783382e+04 3.655832823859363372e-12
6.442556703436033705e-05 3.293485622332626122e+02 3.901495588912536186e+04 4.461704256257138972e-12
6.772873649085907528e-05 3.459601298803200393e+02 3.903401715037989925e+04 5.445217500204706872e-12
7.120126306690828879e-05 3.634095459692303507e+02 3.905308772426012001e+04 6.645530927549442931e-12
7.485182988770643921e-05 3.817390696067800491e+02 3.907216761531473458e+04 8.110434763598192253e-12
7.868956527180084881e-05 4.009930913498810128e+02 3.909125682809797581e+04 9.898253844834941635e-12
8.272406555663884206e-05 4.212182407107937934e+02 3.911035536716410570e+04 1.208016980995091784e-11
8.696541909440986997e-05 4.424634990847422387e+02 3.912946323706625844e+04 1.474305518173609284e-11
9.142423147818073699e-05 4.647803183736016308e+02 3.914858044236703427e+04 1.799293217821231168e-11
9.611165206140254191e-05 4.882227455921275237e+02 3.916770698762457323e+04 2.195919396481592530e-11
1.010394018371016720e-04 5.128475537596302729e+02 3.918684287740370928e+04 2.679975641592924853e-11
1.062198027464676133e-04 5.387143793930446236e+02 3.920598811626899260e+04 3.270734550202085252e-11
1.116658084901241013e-04 5.658858669351501476e+02 3.922514270878858952e+04 3.991717063341426254e-11
1.173910369191279803e-04 5.944278204671911681e+02 3.924430665953193966e+04 4.871628947322077198e-11
1.234098040866900780e-04 6.243465267727228820e+02 3.926150431890658365e+04 5.944905392794674819e-11
1.297371600457651012e-04 6.557168828858990537e+02 3.927708577068092563e+04 7.254037319277608756e-11
1.363889264820232711e-04 6.886096319902947016e+02 3.929113816435678746e+04 8.850762462555341079e-11
1.433817362763056455e-04 7.230862805882237581e+02 3.930339917454891111e+04 1.079796426766066623e-10
1.507330750954898936e-04 7.592446493232590683e+02 3.931451387294105371e+04 1.317278721838960858e-10
1.584613251157653230e-04 7.971507741396260371e+02 3.932414281082837260e+04 1.606869402671286544e-10
1.665858109876483387e-04 8.369025099385605699e+02 3.933267216187034501e+04 1.960013901474840636e-10
1.751268481576742783e-04 8.785883096186657895e+02 3.934012321580795833e+04 2.390638304845270929e-10
1.841057936675958640e-04 9.223038715049597158e+02 3.934658186255519104e+04 2.915725650642023036e-10
1.935450995581117185e-04 9.681455043477972140e+02 3.935204438324521470e+04 3.555964619468492819e-10
2.034683690106629794e-04 1.016215749163095552e+03 3.935654192456712917e+04 4.336575298222234679e-10
2.139004153676812446e-04 1.066631231579585346e+03 3.936027353535176371e+04 5.288340845356419202e-10
2.248673241788693637e-04 1.119501695543753385e+03 3.936319361347079393e+04 6.448728169066969052e-10
2.363965184286629729e-04 1.174946728598377604e+03 3.936534167422502651e+04 7.863423456440430305e-10
2.485168271079757005e-04 1.233077016946211643e+03 3.936652021305418748e+04 9.587996408124734311e-10
2.612585573016925852e-04 1.294052345829871456e+03 3.936722808264411287e+04 1.169051588136302586e-09
2.746535699721688829e-04 1.357977389528480444e+03 3.936698658862285083e+04 1.425340229599499985e-09
2.887353596282311993e-04 1.425018161118021453e+03 3.936616341616877617e+04 1.737763118246524180e-09
3.035391380788964293e-04 1.495302674508794553e+03 3.936447239888124750e+04 2.118573125106748298e-09
3.191019224812350285e-04 1.569008159312131966e+03 3.936220959422402666e+04 2.582758045243814959e-09
3.354626279025451924e-04 1.646273943585459392e+03 3.935907735736705945e+04 3.148507975199052839e-09
3.526621646282911485e-04 1.727275703165094228e+03 3.935515957196059026e+04 3.838031453829359314e-09
3.707435404591257876e-04 1.812179959433109616e+03 3.935034060730611964e+04 4.678346248237220341e-09
3.897519682527942697e-04 1.901189349928738920e+03 3.934481514361065638e+04 5.702438142312903279e-09
4.097349789798286580e-04 1.994485032406625805e+03 3.933844620418304112e+04 6.950405836211806307e-09
4.307425405757319271e-04 2.092245512481454170e+03 3.933101212129829219e+04 8.471029608909251083e-09
4.528271828868440083e-04 2.194706296462449700e+03 3.932276005784230074e+04 1.032390825800102859e-08
4.760441290223192071e-04 2.302044746724312972e+03 3.931331422271874908e+04 1.258130411923984348e-08
5.004514334406633081e-04 2.414499648212755346e+03 3.930278619691158383e+04 1.533144954179691634e-08
5.261101271161193775e-04 2.532316536383319544e+03 3.929124132781467051e+04 1.868177919981445071e-08
5.530843701478924991e-04 2.655693745694116387e+03 3.927830500017561280e+04 2.276262831237377067e-08
5.814416121938181326e-04 2.784932510949238349e+03 3.926431894784241740e+04 2.773340944880124645e-08
6.112527611296385451e-04 2.920223441365027611e+03 3.924874380802336236e+04 3.378693867385525808e-08
6.425923603556274889e-04 3.061848757097175621e+03 3.923165015350355679e+04 4.115860697234517692e-08
6.755387751939181127e-04 3.210096564815473812e+03 3.921306104538840736e+04 5.013479022961925446e-08
7.101743888426273075e-04 3.365228150627458945e+03 3.919276849379346822e+04 6.106323249447662248e-08
7.465858083767621441e-04 3.527543364781556193e+03 3.917074709541854827e+04 7.436726524013114252e-08
7.848640813110194670e-04 3.697335051726910933e+03 3.914687208419125091e+04 9.056125454236845186e-08
8.251049232659968648e-04 3.874870808698958172e+03 3.912084843413528870e+04 1.102694026093160709e-07
8.674089573071004124e-04 4.060534904527918570e+03 3.909293378510618641e+04 1.342533757721543760e-07
9.118819655546198935e-04 4.254549120037527246e+03 3.906253281175432494e+04 1.634329730209564022e-07
9.586351536941296880e-04 4.457318180859016138e+03 3.902989971903870173e+04 1.989316789876051529e-07
1.007785429048626679e-03 4.669113188867003373e+03 3.899463025210159685e+04 2.421078582231265845e-07
1.059455692907732439e-03 4.890276403922219288e+03 3.895662254704177758e+04 2.946131058230476240e-07
1.113775147844932919e-03 5.121177627754253081e+03 3.891584836567418824e+04 3.584533699463264132e-07
1.170879620791311689e-03 5.362109439973169174e+03 3.887195722080743144e+04 4.360564090630383080e-07
1.230911902673626282e-03 5.613414568648536260e+03 3.882479028933939844e+04 5.303691935067170141e-07
1.294022105466001958e-03 5.875455161374060481e+03 3.877424111209681723e+04 6.449660598191488166e-07
1.360368037548055848e-03 6.148523737260898088e+03 3.871996570856129256e+04 7.841702669099503152e-07
1.430115598308045934e-03 6.432990694098947642e+03 3.866188165817598929e+04 9.532276091566080559e-07
1.503439192977754080e-03 6.729209436520343843e+03 3.859984286988655367e+04 1.158488980381722437e-06
1.580522168736409397e-03 7.037432260584162577e+03 3.853342535233600211e+04 1.407622699348899168e-06
1.661557273174137529e-03 7.357959286611116113e+03 3.846238240953093919e+04 1.709911317641318082e-06
1.746747136261333697e-03 7.691130862990801688e+03 3.838659408027422614e+04 2.076589145250491846e-06
1.836304777029133936e-03 8.037214848872137736e+03 3.830577535255296971e+04 2.521216431661491324e-06
1.930454136227949345e-03 8.396443235592823839e+03 3.821959979098987242e+04 3.060159615505248040e-06
2.029430636295988157e-03 8.769058175719494102e+03 3.812781530064687831e+04 3.713178668349137233e-06
2.133481770037976965e-03 9.155217124242772115e+03 3.803003791046651168e+04 4.504076064921779573e-06
2.242867719486086112e-03 9.555099936723336214e+03 3.792599989732864924e+04 5.461557040894831394e-06
2.357862006490532136e-03 9.968938370090716489e+03 3.781558879419384175e+04 6.620248986887193512e-06
2.478752176666675511e-03 1.039667708986073558e+04 3.769820550153951626e+04 8.021657963995028107e-06
2.605840518408833982e-03 1.083855709512864451e+04 3.757388685430151236e+04 9.715949004681044882e-06
2.739444818768723561e-03 1.129436153756705244e+04 3.744192937547864858e+04 1.176304111081862951e-05
2.879899158088616417e-03 1.176409957625003699e+04 3.730213688733968593e+04 1.423510888539910183e-05
3.027554745376210416e-03 1.224765851165664753e+04 3.715419777422197512e+04 1.721865969047734466e-05
3.182780796510085389e-03 1.274481129296277140e+04 3.699772733284676360e+04 2.081727385906730426e-05
3.345965457471714814e-03 1.325541203661357758e+04 3.683256358609697054e+04 2.515520439464383461e-05
3.517516774912597243e-03 1.377887224457150660e+04 3.665803288962258375e+04 3.038032840168503060e-05
3.697863716483424691e-03 1.431492860889003714e+04 3.647404265046877845e+04 3.667010465590554372e-05
3.887457243476651579e-03 1.486297697995692215e+04 3.628016048744733416e+04 4.423570370052869438e-05
4.086771438464619106e-03 1.542232220456235518e+04 3.607598283496225486e+04 5.332871016532785192e-05
4.296304690752923532e-03 1.599202087570353069e+04 3.586096302443856257e+04 6.424788386434861014e-05
4.516580942613284376e-03 1.657161176481842631e+04 3.563523587130442320e+04 7.735072743627238842e-05
4.748150999412126434e-03 1.715954113901519304e+04 3.539786644530999911e+04 9.305709581238787685e-05
4.991593906910903912e-03 1.775518300871058455e+04 3.514906819564309990e+04 1.118698742154067125e-04
5.247518399182111472e-03 1.835668545201959569e+04 3.488794278652116191e+04 1.343774622784911260e-04
5.516564420761540903e-03 1.896290351522992569e+04 3.461446587932662078e+04 1.612802457741821754e-04
5.799404726842954938e-03 1.957191547355556395e+04 3.432802922306067921e+04 1.933988311602903131e-04
6.096746565516493986e-03 2.018233065411106872e+04 3.402866039763329172e+04 2.317053186818428961e-04
6.409333446257287764e-03 2.079155835920370737e+04 3.371550766950014076e+04 2.773293921075671055e-04
6.737946999086424568e-03 2.139794851432059659e+04 3.338867926775664819e+04 3.316081292878151547e-04
7.083408929053131541e-03 2.199863574036029604e+04 3.304745607945641677e+04 3.960891548092360364e-04
7.446583070925409317e-03 2.259151760298537920e+04 3.269187662876851027e+04 4.725924519100370381e-04
7.828377549226901017e-03 2.317329779749429872e+04 3.232124329002928789e+04 5.632139329813144009e-04
8.229747049021221908e-03 2.374097305627345850e+04 3.193525461310479659e+04 6.703910917238854305e-04
8.651695203121895217e-03 2.429141029983400222e+04 3.153366712733625900e+04 7.969418276187014479e-04
9.095277101697147801e-03 2.482109627808140795e+04 3.111613035352420775e+04 9.461043150960743615e-04
9.561601930544914862e-03 2.532634302089153061e+04 3.068232978100186665e+04 1.121591530340824115e-03
1.005183574463506743e-02 2.580290051217149812e+04 3.023175390872411299e+04 1.327623516522444388e-03
1.056720438385422289e-02 2.624700754334358135e+04 2.976432008976960424e+04 1.569026855462260983e-03
1.110899653824396448e-02 2.665437686794564070e+04 2.927974727688506027e+04 1.851242394021328057e-03
1.167856697039719623e-02 2.701989354758752233e+04 2.877742046526856939e+04 2.180331650456136632e-03
1.227733990307029038e-02 2.733946553360823964e+04 2.825738989968289025e+04 2.563144661207656608e-03
1.290681258048182248e-02 2.760816237458751493e+04 2.771933281326540964e+04 3.007217019744708002e-03
1.356855901220299469e-02 2.782066119576194251e+04 2.716281244187109405e+04 3.520780010101485884e-03
1.426423390900143431e-02 2.797340959970087351e+04 2.658830806012546964e+04 4.113021874099892852e-03
1.499557682048000690e-02 2.806042611803529871e+04 2.599513751560011951e+04 4.793514537221569768e-03
1.576441648485692182e-02 2.807758158479470876e+04 2.538351877813316241e+04 5.572674249109995336e-03
1.657267540176381518e-02 2.802130484956642977e+04 2.475387211346919867e+04 6.461546684858150529e-03
1.742237463949622076e-02 2.788726952126269680e+04 2.410621085712818240e+04 7.471336515220619069e-03
1.831563888873704443e-02 2.767245834198217926e+04 2.344103664223682790e+04 8.613590448117677476e-03
1.925470177538994923e-02 2.737461252557614716e+04 2.275903907585122943e+04 9.899850335753725139e-03
2.024191144580758314e-02 2.699274371949026317e+04 2.206126621841308224e+04 1.134153538299455082e-02
2.127973643838054069e-02 2.652692542730093555e+04 2.134899160942882008e+04 1.294958675370082822e-02
2.237077185616915750e-02 2.597790015274238249e+04 2.062352599719615318e+04 1.473388271623158122e-02
2.351774585601286785e-02 2.534844927033746717e+04 1.988673943055695054e+04 1.670354815295730516e-02
2.472352647034336062e-02 2.464382237696341326e+04 1.914118888741604314e+04 1.886729238502879782e-02
2.599112877875953478e-02 2.387056441312014067e+04 1.838963911278279556e+04 2.123285382976134589e-02
2.732372244729698585e-02 2.303722280022349514e+04 1.763534305949398185e+04 2.380783899734851064e-02
2.872463965424410307e-02 2.215444092221637402e+04 1.688209100820798631e+04 2.660080757271816865e-02
3.019738342232343442e-02 2.123489020504221116e+04 1.613421493481383732e+04 2.962294408245651212e-02
3.174563637807315680e-02 2.029291392013717268e+04 1.539650060580661011e+04 3.289022045059642602e-02
3.337326996033158216e-02 1.934411530551929900e+04 1.467409213351560902e+04 3.642632983798409219e-02
3.508435410085083278e-02 1.840476264099066975e+04 1.397233225600859987e+04 4.026622692403119402e-02
3.688316740124613496e-02 1.748123977941805060e+04 1.329281306730240613e+04 4.443519781723422046e-02
3.877420783172848273e-02 1.659420438836820540e+04 1.264258809646215013e+04 4.900670408810634676e-02
4.076220397837305304e-02 1.576429882817217731e+04 1.202879404590780905e+04 5.409011333721946979e-02
4.285212686704739649e-02 1.500444953353014171e+04 1.145570395517444922e+04 5.981463708952437786e-02
4.504920239356542677e-02 1.432107310227451308e+04 1.092512759028782784e+04 6.632956343084722706e-02
4.735892439114896407e-02 1.371354118608337194e+04 1.043615529487418644e+04 7.379473282541994250e-02
4.978706836787243073e-02 1.317462840434538339e+04 9.985318022184657821e+03 8.236795742879231275e-02
5.233970594844135349e-02 1.269251847924661161e+04 9.567392798694078010e+03 9.219596162706281128e-02
5.502322005641668845e-02 1.226008523573943057e+04 9.178959124334876833e+03 1.034669759179401294e-01
5.784432087484844831e-02 1.187369118554081251e+04 8.817928121700522752e+03 1.164228397226892558e-01
6.081006262522850592e-02 1.147722565027249766e+04 8.462898425552892149e+03 1.307475414460430863e-01
6.392786120671870020e-02 1.105325362865719944e+04 8.107234303494360574e+03 1.462954835451749924e-01
6.720551273976151097e-02 1.057847862180906850e+04 7.742233260300124130e+03 1.626702627866681572e-01
7.065121306044198912e-02 1.003331583987156046e+04 7.360441677105218332e+03 1.792559629897316764e-01
7.427357821434696361e-02 9.410671244384764577e+03 6.958552744484034520e+03 1.953412227991691008e-01
7.808166600116696332e-02 8.721502736253292824e+03 6.539300151357986579e+03 2.103336671421695558e-01
8.208499862391337165e-02 7.994372595543844909e+03 6.111598174136212037e+03 2.239989746320427133e-01
8.629358649938589920e-02 7.269496290282716473e+03 5.689076161490328559e+03 2.366519766109188017e-01
9.071795328942874881e-02 6.591625124428309391e+03 5.288260337062784856e+03 2.493116021700324259e-01
9.536916221556676621e-02 6.001499994471783793e+03 4.925762525598215689e+03 2.637266217028401138e-01
1.002588437228218304e-01 5.525941784745717086e+03 4.613958740490492346e+03 2.821269924367685866e-01
1.053992245618834284e-01 5.168429141180357874e+03 4.355889215974385479e+03 3.065780606285827825e-01
1.108031583623540345e-01 4.907741262128953167e+03 4.143481081960899246e+03 3.382270493446488668e-01
1.164841577735182265e-01 4.702009319029203652e+03 3.959070746138738286e+03 3.764907722904144438e-01
1.224564282530043596e-01 4.492707847664300971e+03 3.777744633224550398e+03 4.179489140190440488e-01
1.287349035878279091e-01 4.221744475296328346e+03 3.574797690022895495e+03 4.563007041504596462e-01
1.353352832366376823e-01 3.870571052283573863e+03 3.341334904288984490e+03 4.860471621200979087e-01
1.422740715865399574e-01 3.473909519669370184e+03 3.090072900050928183e+03 5.068343519357201288e-01
1.495686192226629019e-01 3.088137374812621601e+03 2.844033896750604981e+03 5.234658130225734451e-01
1.572371663136570008e-01 2.768604504167579762e+03 2.628717471205330639e+03 5.452514202527195541e-01
1.652988882216175348e-01 2.547853807860001325e+03 2.461657865564829990e+03 5.829812161407362803e-01
1.737739434504778357e-01 2.401194609776851848e+03 2.332819345065498055e+03 6.383393083838065918e-01
1.826835240527691917e-01 2.270421404734818680e+03 2.214357069307740858e+03 7.012532285524133435e-01
1.920499086207905493e-01 2.103968785500918329e+03 2.080851325598363019e+03 7.550085432009656650e-01
2.018965179946938526e-01 1.891261667848812749e+03 1.925857743205659517e+03 7.885121073441611061e-01
2.122479738267836202e-01 1.676521854783459958e+03 1.770027411235628051e+03 8.121011720356170471e-01
2.231301601484726449e-01 1.508454687272850833e+03 1.638960569950435683e+03 8.489407081589572801e-01
2.345702880938428103e-01 1.396428726256534901e+03 1.539354858323644066e+03 9.130783321878835901e-01
2.465969639416541459e-01 1.299921659276258424e+03 1.449822843279019708e+03 9.875307210965685867e-01
2.592402606459418002e-01 1.183592403902208616e+03 1.350468384161041968e+03 1.044671571586950121e+00
2.725317930340656614e-01 1.054729074783516808e+03 1.244459548450654893e+03 1.081590085248965494e+00
2.865047968602461026e-01 9.479727055336420563e+02 1.151689030756940156e+03 1.129436412098031806e+00
3.011942119122611450e-01 8.694175520486973028e+02 1.076659815971429225e+03 1.203479031052909987e+00
3.166367693791155569e-01 7.946855649919800726e+02 1.004821579075562909e+03 1.278055226730528959e+00
3.328710836981453314e-01 7.128485012622367094e+02 9.290025369982055281e+02 1.331973883415818793e+00
3.499377491112247163e-01 6.402933362726711266e+02 8.594779893005649001e+02 1.390021836896764285e+00
3.678794411715154977e-01 5.822574406660120303e+02 8.000733052668907703e+02 1.468594374611097653e+00
3.867410234545784475e-01 5.263298939853602860e+02 7.425543796965313277e+02 1.542371610678070049e+00
4.065696597406806001e-01 4.719708877338987350e+02 6.864103753817231564e+02 1.606905617458669999e+00
4.274149319488126375e-01 4.259249389331778275e+02 6.365312902581994194e+02 1.684815696346009029e+00
4.493289641173122684e-01 3.840340171204733224e+02 5.900177248633909812e+02 1.764953214480222465e+00
4.723665527411103904e-01 3.445888802650188154e+02 5.455792305628029908e+02 1.839962337729940112e+00
4.965853037915104462e-01 3.100578618890332336e+02 5.051909500870323768e+02 1.923510648234276310e+00
5.220457767611225153e-01 2.784438141899001380e+02 4.673367820428254049e+02 2.006936324039868325e+00
5.488116360941387439e-01 2.497680369553212074e+02 4.320724699173673571e+02 2.091592385276916044e+00
5.769498103806052214e-01 2.240975682093592241e+02 3.995155850458314717e+02 2.180326371136863894e+00
6.065306597127584354e-01 2.007649975980636157e+02 3.691357786089181445e+02 2.269428654168667236e+00
6.376281516219051149e-01 1.798401380808004433e+02 3.410455951231436416e+02 2.361888196123790973e+00
6.703200460357783275e-01 1.609380135308364572e+02 3.149382701974176371e+02 2.455701170090236474e+00
7.046880897188601001e-01 1.439616065579849078e+02 2.907678936498232929e+02 2.552159058766225730e+00
7.408182206818726412e-01 1.286885921133545025e+02 2.683614448783350781e+02 2.650606598896767974e+00
7.788007830715680813e-01 1.149658078891811357e+02 2.476061531957803936e+02 2.751174218783194458e+00
8.187307530781540166e-01 1.026442216156370648e+02 2.283869720333754856e+02 2.853829845211093730e+00
8.607079764252394405e-01 9.159044799234507650e+01 2.105989269480912753e+02 2.958611393439444015e+00
9.048374180361511421e-01 8.168355766319183431e+01 1.941446258983472433e+02 3.065607565808697199e+00
9.512294245009160765e-01 7.280809776271431133e+01 1.789265885958820377e+02 3.174722508929878284e+00
1.000000000000213163e+00 6.486234292058075823e+01 1.648573612270904789e+02 3.285964679266326183e+00
1.051271096376248826e+00 5.775282808957965841e+01 1.518537931640815657e+02 3.399285855951352353e+00
1.105170918075884856e+00 5.139621048153328076e+01 1.398400448993324687e+02 3.514711662957579197e+00
1.161834242728533306e+00 4.571709059186434843e+01 1.287455675182821437e+02 3.632297068183977462e+00
1.221402758160433644e+00 4.064633098183793436e+01 1.185033579989502073e+02 3.752047237109901623e+00
1.284025416688019838e+00 3.612008914139074278e+01 1.090489222335356061e+02 3.873824431300672888e+00
1.349858807576296504e+00 3.208251482064381577e+01 1.003247673490431708e+02 3.997640131246608330e+00
1.419067548593566874e+00 2.848319851689711513e+01 9.227739512768366126e+01 4.123521104802101434e+00
1.491824697641596753e+00 2.527678522908441394e+01 8.485723095039531927e+01 4.251532228700704685e+00
1.568312185490513100e+00 2.242169292057992180e+01 7.801697827732957080e+01 4.381635129357525749e+00
1.648721270700491237e+00 1.988074125888071109e+01 7.171305109853804538e+01 4.513823309897265545e+00
1.733253017867778301e+00 1.762031439555280343e+01 6.590460006962732109e+01 4.648039469350169206e+00
1.822118800390913007e+00 1.561023225963498184e+01 6.055368444587195853e+01 4.784204015210443472e+00
1.915540829014322100e+00 1.382425324157017599e+01 5.562675422224050692e+01 4.922505154273744132e+00
2.013752707470925607e+00 1.223778171475030696e+01 5.109062544207498746e+01 5.062807017097917139e+00
2.117000016613148627e+00 1.082921960797462191e+01 4.691540147303095409e+01 5.205111105725056753e+00
2.225540928492967474e+00 9.579207770061840321e+00 4.307334917717188461e+01 5.349418910074066780e+00
2.339646851926517890e+00 8.470443910623727035e+00 3.953883959364411993e+01 5.495754938094772335e+00
2.459603111157505406e+00 7.487284353967216255e+00 3.628774540927064862e+01 5.644034857296243324e+00
2.585709659316432152e+00 6.616062409977694792e+00 3.329849519296972460e+01 5.794408718890898591e+00
2.718281828459663263e+00 5.844040164357558353e+00 3.054980169517089905e+01 5.946574945238920940e+00
2.857651118063815776e+00 5.160386376875819359e+00 2.802334013229523180e+01 6.100706009056542811e+00
3.004166023947120401e+00 4.555313464582809502e+00 2.570188110962764583e+01 6.256915886218171075e+00
3.158192909690492378e+00 4.019843672167336734e+00 2.356879327897488707e+01 6.414981165770927696e+00
3.320116922737311960e+00 3.546186050616094043e+00 2.160929072006373275e+01 6.574941770062892488e+00
3.490342957462647444e+00 3.127417326775264961e+00 1.980978040309188515e+01 6.736904702362867425e+00
3.669296667620093988e+00 2.757233417211380821e+00 1.815726774168262381e+01 6.900686087829026150e+00
3.857425530697870641e+00 2.430150302334169954e+00 1.664015192164864487e+01 7.066364664874775769e+00
4.055199966845619564e+00 2.141235517594451743e+00 1.524754512498234860e+01 7.233883687740794599e+00
4.263114515169814212e+00 1.886146468943916243e+00 1.396954960105126098e+01 7.403322530822797454e+00
4.481689070339116121e+00 1.660976043659432966e+00 1.279685854938838396e+01 7.574584174453574015e+00
4.711470182591849465e+00 1.462286590165690070e+00 1.172100692127748367e+01 7.747687532709724323e+00
4.953032424396282885e+00 1.287019473804398517e+00 1.073416387945966122e+01 7.922621174135634270e+00
5.206979827181080545e+00 1.132466931439744418e+00 9.829137614002304346e+00 8.099411673011871926e+00
5.473947391728498424e+00 9.962038372372311601e-01 8.999196700872561294e+00 8.277902882572105270e+00
5.754602676007100293e+00 8.761248004788471100e-01 8.238338170017250661e+00 8.458283997330562798e+00
6.049647464414390718e+00 7.703257722898043669e-01 7.540859177329561014e+00 8.640420710971222107e+00
6.359819522603354258e+00 6.771363222314509267e-01 6.901582126935219108e+00 8.824309742685482405e+00
6.685894442280875261e+00 5.950785516968690736e-01 6.315747260797776264e+00 9.009964983874308331e+00
7.028687580590986528e+00 5.228420268355554734e-01 5.778961844593985653e+00 9.197365968213617293e+00
7.389056098932435646e+00 4.592660583063912783e-01 5.287175739183092027e+00 9.386452803234718090e+00
7.767901106308653603e+00 4.033313853252579184e-01 4.836704651492960139e+00 9.577305495459274454e+00
8.166169912569634093e+00 3.541280820373953753e-01 4.424108115479845615e+00 9.769804250877118790e+00
8.584858397179985445e+00 3.108594968822294691e-01 4.046267646439384968e+00 9.964002022121837499e+00
9.025013499436326470e+00 2.728201019374848491e-01 3.700306584878430449e+00 1.015991808348271874e+01
9.487735836360851494e+00 2.393833209430911990e-01 3.383556691613824885e+00 1.035742743810691557e+01
9.974182454817173138e+00 2.100012239984483942e-01 3.093601825108087233e+00 1.055659864122423919e+01
1.048556972473016025e+01 1.841904871523374343e-01 2.828225860984592721e+00 1.075755444807001915e+01
1.102317638064432792e+01 1.615141515077316847e-01 2.585310854107932599e+00 1.095976163901762312e+01
1.158834671922626214e+01 1.416084082039550940e-01 2.363083068401563569e+00 1.116410061660535114e+01
1.218249396070650370e+01 1.241266262678455551e-01 2.159702506435773106e+00 1.136956436830422668e+01
1.280710378266622662e+01 1.087846772717240840e-01 1.973659861597359289e+00 1.157685978185168274e+01
1.346373803500505772e+01 9.532060366634317883e-02 1.803469598494284343e+00 1.178566254342145392e+01
1.415403864537935341e+01 8.350696726947803850e-02 1.647797266476955125e+00 1.199593494109394776e+01
1.487973172487657614e+01 7.314373624410704100e-02 1.505421038804395373e+00 1.220766781375639631e+01
1.564263188419211659e+01 6.405461443128714072e-02 1.375218196121187786e+00 1.242081679346215672e+01
1.644464677110120832e+01 5.608658496986407976e-02 1.256182927128266513e+00 1.263580468251516287e+01
1.728778184057202338e+01 4.910030524491035275e-02 1.147340892346696783e+00 1.285204599852174390e+01
1.817414536944768244e+01 4.297636659263687209e-02 1.047833340360091237e+00 1.306958949865053654e+01
1.910595372823652127e+01 3.761057757915595157e-02 9.568841371713426858e-01 1.328882023876370333e+01
2.008553692319280515e+01 3.290857592033657325e-02 8.737473806000383147e-01 1.350920167530957272e+01
2.111534442254602695e+01 2.879011289116675809e-02 7.977742506681564372e-01 1.373118872332418228e+01
2.219795128144734164e+01 2.518272301131772167e-02 7.283441958228284996e-01 1.395441482849638959e+01
2.333606458094873304e+01 2.202384678873213833e-02 6.649039248119210654e-01 1.417902244907569376e+01
2.453253019711569394e+01 1.925812830674759543e-02 6.069408023103571859e-01 1.440493692836488471e+01
2.579033991719975205e+01 1.683680136052964973e-02 5.539825425060407316e-01 1.463191082529372977e+01
2.711263892066493852e+01 1.471785718144922456e-02 5.056098962998820667e-01 1.486039023261678160e+01
2.850273364377471097e+01 1.286338923627852217e-02 4.614216499849855824e-01 1.508986009773482273e+01
2.996410004740484823e+01 1.124078710801482660e-02 4.210615764471123401e-01 1.532042090538838508e+01
3.150039230875619012e+01 9.821491841753815857e-03 3.842049619976203867e-01 1.555233515826139268e+01
3.311545195870102276e+01 8.579939016289228615e-03 3.505446379855137740e-01 1.578507028391021727e+01
3.481331748761120082e+01 7.494198593356164208e-03 3.198090985643767814e-01 1.601886306016684713e+01
3.659823444368765877e+01 6.544906835114557009e-03 2.917473631259493438e-01 1.625377083934277067e+01
3.847466604904231957e+01 5.714985050807089989e-03 2.661274931080186978e-01 1.648959292711261426e+01
4.044730436007814234e+01 4.989480025530081651e-03 2.427374729590648095e-01 1.672608488188688725e+01
4.252108200007410943e+01 4.355371361876005099e-03 2.213852928752166049e-01 1.696322300464809629e+01
4.470118449331276622e+01 3.801320316479662748e-03 2.018972449619521325e-01 1.720132175091037752e+01
4.699306323159186860e+01 3.317189115709941964e-03 1.841091037114148676e-01 1.743981030093271656e+01
4.940244910554343960e+01 2.894258121128043607e-03 1.678748999139463016e-01 1.767880712825909129e+01
5.193536683484541783e+01 2.524850244549053241e-03 1.530600803842080970e-01 1.791824595246145080e+01
5.459815003315897997e+01 2.202237952914808811e-03 1.395414511442750471e-01 1.815801141139927921e+01
5.739745704546173499e+01 1.920517137141690422e-03 1.272058825934606063e-01 1.839782149868344163e+01
6.034028759737834946e+01 1.674555305009701837e-03 1.159510907656370327e-01 1.863768132793513388e+01
6.343400029814058882e+01 1.459841934665482947e-03 1.056829668359002411e-01 1.887740935038754841e+01
6.668633104094334385e+01 1.272426818946658213e-03 9.631534285977379206e-02 1.911672730430999323e+01
7.010541234670704114e+01 1.108873863124894927e-03 8.777020848232373884e-02 1.935561835059464286e+01
7.369979369961600923e+01 9.661575185555993251e-04 7.997550921041306216e-02 1.959372522471430500e+01
7.747846292528217305e+01 8.416433638613760254e-04 7.286585837113654374e-02 1.983085099103759319e+01
8.145086866499057976e+01 7.330298681678758645e-04 6.638162163603132659e-02 2.006684475970955361e+01
8.562694400222423496e+01 6.382977261892615198e-04 6.046800765692204871e-02 2.030134864878796819e+01
9.001713130054676526e+01 5.556813008866817076e-04 5.507492198499691627e-02 2.053390494762945906e+01
9.463240831495036787e+01 4.836485971236043481e-04 5.015716186790506598e-02 2.076442308814182525e+01
9.948431564196151555e+01 4.208504394844486273e-04 4.567292954599488919e-02 2.099239039083174774e+01
1.045849855771433994e+02 3.661140602422484304e-04 4.158437407728646923e-02 2.121752337690213253e+01
1.099471724521542768e+02 3.184069266046795688e-04 3.785647802620430158e-02 2.143902153761546714e+01
1.155842845272200918e+02 2.768379019860587524e-04 3.445789289701360614e-02 2.165669475675573707e+01
1.215104175187690743e+02 2.406249778699529995e-04 3.135979999240329219e-02 2.187013708513620003e+01
1.277403898460648861e+02 2.090814432520223659e-04 2.853564305741822585e-02 2.207854552922418989e+01
1.342897796849734675e+02 1.816146338716451137e-04 2.596165220547032651e-02 2.228178515921507241e+01
1.411749639215168770e+02 1.576953598107783269e-04 2.361529383086640940e-02 2.247823615652436757e+01
1.484131591026187778e+02 1.368690017728993935e-04 2.147649646740027590e-02 2.266692393970324204e+01
1.560224644864394463e+02 1.187485256609992619e-04 1.952774011758110287e-02 2.284861532713428289e+01
1.640219072999485945e+02 1.029817399492045113e-04 1.775190539514301738e-02 2.302162934306805298e+01
1.724314903169036768e+02 8.926455892976028106e-05 1.613360360744826860e-02 2.318457118705247666e+01
1.812722418752032070e+02 7.733513078891601062e-05 1.465909810815297330e-02 2.333678370372852129e+01
1.905662684586848457e+02 6.696502101761450838e-05 1.331587876860761306e-02 2.347774376298159282e+01
2.003368099748494728e+02 5.795118875666952993e-05 1.209216294982954493e-02 2.360559057719202514e+01
2.106082978667353416e+02 5.012047581027968005e-05 1.097759988890337039e-02 2.371984674682063243e+01
2.214064162042512862e+02 4.331905983034605042e-05 9.962453440505504923e-03 2.381880057046346266e+01
2.327581659077297047e+02 3.741481675935594693e-05 9.038067768480088915e-03 2.390169282148364260e+01
2.446919322642916654e+02 3.229189856097304414e-05 8.196483339475339400e-03 2.396750297272497221e+01
2.572375559058498879e+02 2.784816327018706849e-05 7.430294672964029602e-03 2.401430040661108833e+01
2.704264074262317763e+02 2.399635963196962584e-05 6.732981618866743304e-03 2.404157507913841840e+01
2.842914658240042627e+02 2.065926548148559738e-05 6.098445888354164617e-03 2.404786935092980471e+01
2.988674009671481713e+02 1.777035022165778704e-05 5.521241179727596170e-03 2.403266244542422569e+01
3.141906602857868620e+02 1.527101636487917494e-05 4.996313544657634588e-03 2.399484861768462807e+01
3.302995599097462787e+02 1.311052657861807798e-05 4.519108512784230855e-03 2.393394999655018296e+01
3.472343804788374655e+02 1.124434677922825720e-05 4.085420898165785866e-03 2.384913584146227805e+01
3.650374678654371792e+02 9.634236776556214787e-06 3.691520946214517981e-03 2.374104899128444757e+01
3.837533390612260860e+02 8.246167886977010685e-06 3.333878390387865452e-03 2.360907291408390307e+01
4.034287934928555046e+02 7.050986814874026769e-06 3.009370141405953714e-03 2.345421142724156738e+01
4.241130300448911044e+02 6.023027631981848131e-06 2.715095267339032691e-03 2.327715835380605114e+01
4.458577700826506316e+02 5.139956545205333641e-06 2.448411198353179965e-03 2.307909235828323702e+01
4.687173867825576963e+02 4.382416264465279735e-06 2.206929375529294128e-03 2.286215036406795065e+01
4.927490410934046849e+02 3.733320286312847814e-06 1.988411360434345822e-03 2.262782819046107718e+01
5.180128246684984106e+02 3.177992211094157153e-06 1.790861555083269425e-03 2.237920337844504459e+01
5.445719101260938260e+02 2.703486650447558334e-06 1.612407102389677629e-03 2.211873046066438420e+01
5.724927090138447738e+02 2.298559902851687313e-06 1.451334401235764970e-03 2.184922140825703707e+01
6.018450378722650385e+02 1.953465463518562664e-06 1.306078960945196259e-03 2.157396893124649750e+01
6.327022928124463306e+02 1.659685668138024723e-06 1.175185638205940818e-03 2.129581804817960844e+01
6.651416330445650829e+02 1.409830135073793278e-06 1.057313887888162779e-03 2.101742205263698082e+01
6.992441738160994191e+02 1.197507001182914708e-06 9.512322396918159719e-04 2.074124824877865692e+01
7.350951892421985576e+02 1.017186755952971040e-06 8.558050948676155633e-04 2.046923903134212352e+01
7.727843255353874383e+02 8.640979780762331629e-07 7.699863073952919025e-04 2.020264171287666599e+01
8.124058251677936369e+02 7.341420489803357623e-07 6.928170167146248870e-04 1.994203365217077462e+01
8.540587625264155349e+02 6.238250839881623998e-07 6.234288583315735497e-04 1.968776202587969237e+01
8.978472916506958654e+02 5.301563599368520080e-07 5.610279025860561005e-04 1.943934670156918187e+01
9.438809066718714575e+02 4.506126190260355767e-07 5.049067036176388239e-04 1.919663960882041920e+01
9.922747156053346771e+02 3.830439493919126675e-07 4.544234702298523124e-04 1.895896570213320942e+01
1.043149728180628472e+03 3.256328909623166059e-07 4.090040153069218298e-04 1.872571768473275355e+01
1.096633158428801380e+03 2.768684996857736219e-07 3.681520315875900281e-04 1.849813421743628794e+01
1.152858742783748994e+03 2.354398362231326815e-07 3.314037281990483952e-04 1.827588843265872853e+01
1.211967074492957408e+03 2.002567103785672654e-07 2.983581762002219802e-04 1.806050132003713315e+01
1.274105955173854682e+03 1.703709210900514495e-07 2.686390414324776074e-04 1.785181457190842735e+01
1.339430764394840480e+03 1.449906841878751598e-07 2.419181382683109280e-04 1.765107528474903376e+01
1.408104848205140797e+03 1.234280884224786334e-07 2.178875281795675700e-04 1.745778912574088437e+01
1.480299927585014302e+03 1.051033620681736729e-07 1.962730464532308114e-04 1.727173719445147171e+01
1.556196527837648091e+03 8.952224105265154145e-08 1.768254697532760746e-04 1.709206479255430722e+01
1.635984429996447261e+03 7.627173999610826030e-08 1.593265540953898497e-04 1.691887225479509738e+01
1.719863145376471039e+03 6.500104599928255874e-08 1.435798507495601435e-04 1.675221641597009636e+01
1.808042414456641382e+03 5.541384530414389139e-08 1.294104827872947030e-04 1.659259793793080462e+01
1.900742731340188357e+03 4.725660711050893568e-08 1.166590863099743270e-04 1.644003778505618030e+01
1.998195895104759757e+03 4.031487957610859069e-08 1.051833440399697569e-04 1.629482922220217134e+01
2.100645589420852957e+03 3.439673556111484356e-08 9.484182294896984292e-05 1.615272674623211557e+01
2.208347991887921125e+03 2.934736329864730130e-08 8.551706985913768171e-05 1.601186350470902653e+01
2.321572414611807289e+03 2.503922882601762305e-08 7.710911715844438719e-05 1.587222869062847508e+01
2.440601977625289692e+03 2.136351991221580932e-08 6.952782595040495354e-05 1.573381159123191964e+01
2.565734316835632853e+03 1.822739774499009320e-08 6.269191970460063080e-05 1.559660158718287626e+01
2.697282328269386653e+03 1.555165206479326001e-08 5.652811291771946410e-05 1.546058815175274681e+01
2.835574950475434889e+03 1.326870052039450036e-08 5.097032544377400916e-05 1.532576085001419308e+01
2.980957987042702825e+03 1.132088171510045631e-08 4.595897407057973909e-05 1.519210933804006025e+01
3.133794971289250043e+03 9.658998830390493563e-09 4.144033374772572090e-05 1.505962336210823160e+01
3.294468075284922634e+03 8.241077042704739867e-09 3.736596161797833934e-05 1.492829275791846655e+01
3.463379065480592999e+03 7.031303348966441278e-09 3.369217767732810004e-05 1.479810744980667003e+01
3.640950307333554974e+03 5.999122023614269902e-09 3.037959649604028367e-05 1.466905744998138061e+01
3.827625821441170956e+03 5.118462860730111014e-09 2.739270498039791593e-05 1.454113285774626618e+01
4.023872393823642142e+03 4.367082708694357498e-09 2.469948164851102084e-05 1.441432385874906608e+01
4.230180743132199495e+03 3.726003666237002952e-09 2.227105333853334873e-05 1.428862072422582230e+01
4.447066747701334862e+03 3.179033750190061587e-09 2.008138566898565224e-05 1.416401381025181827e+01
4.675072735513344924e+03 2.712357928261000012e-09 1.810700393271560127e-05 1.404049355700664314e+01
4.914768840300775992e+03 2.314189187378237564e-09 1.632674143227782961e-05 1.391805048803753841e+01
5.166754427177720572e+03 1.974470824509588149e-09 1.472151255873104240e-05 1.379667520953372772e+01
5.431659591364801599e+03 1.684622440594771018e-09 1.327410818109755069e-05 1.367635840960234717e+01
5.710146733755425885e+03 1.437323222064152734e-09 1.196901115293271869e-05 1.355709085756191357e+01
6.002912217263044113e+03 1.226327036196614332e-09 1.079222995809446474e-05 1.343886340322475625e+01
6.310688108091153481e+03 1.046304670112309947e-09 9.731148712301627144e-06 1.332166697619904383e+01
6.634244006280128815e+03 8.927092287667992253e-10 8.774391912387946699e-06 1.320549258519792879e+01
6.974388970108182548e+03 7.616612922503544641e-10 7.911702483268787906e-06 1.309033131733889377e+01
7.331973539158482708e+03 6.498509317686147111e-10 7.133831815215767345e-06 1.297617433747205773e+01
7.707891861111141225e+03 5.544541094805696496e-10 6.432440612548857831e-06 1.286301288749043614e+01
8.103083927578147268e+03 4.730613506750863284e-10 5.800009490792687171e-06 1.275083828566964783e+01
8.518537924572025076e+03 4.036168867288033729e-10 5.229758363825039039e-06 1.263964192599203784e+01
8.955292703485578386e+03 3.443667317572135684e-10 4.715573756804046335e-06 1.252941527749026029e+01
9.414440378761499232e+03 2.938143815098589367e-10 4.251943265615132724e-06 1.242014988359750483e+01
9.897129058747319505e+03 2.506830155791105389e-10 3.833896460197208026e-06 1.231183736148991592e+01
1.040456571656430970e+04 2.138832482497823627e-10 3.456951598197149958e-06 1.220446940144784520e+01
1.093801920816896018e+04 1.824856134596867575e-10 3.117067577683910704e-06 1.209803776622112359e+01
1.149882344515380282e+04 1.556970889130837992e-10 2.810600613823010492e-06 1.199253429039540997e+01
1.208838073022117533e+04 1.328410664074548347e-10 2.534265175056284931e-06 1.188795087975668885e+01
1.270816526367042752e+04 1.133402624767305428e-10 2.285098760000436747e-06 1.178427951068746005e+01
1.335972682966652428e+04 9.670213771763544143e-11 2.060430137441701585e-06 1.168151222953395596e+01
1.404469467150771925e+04 8.250645653024261602e-11 1.857850708946033050e-06 1.157964115201319188e+01
1.476478156558243427e+04 7.039467306352394734e-11 1.675188687065561206e-06 1.147865846259076150e+01
1.552178810420236550e+04 6.006087528318517122e-11 1.510485812320431475e-06 1.137855641389195682e+01
1.631760719802116000e+04 5.124405843219236285e-11 1.361976359342511058e-06 1.127932732610452149e+01
1.715422880929701932e+04 4.372153273192696288e-11 1.228068207114261057e-06 1.118096358638988619e+01
1.803374492783486858e+04 3.730329881966630399e-11 1.107325770362650656e-06 1.108345764829600455e+01
1.895835480205053682e+04 3.182724886068544308e-11 9.984546091219611380e-07 1.098680203118912146e+01
1.993037043823734348e+04 2.715507212745376115e-11 9.002875514677114041e-07 1.089098931966408301e+01
2.095222238178608313e+04 2.316876163173769714e-11 8.117721806507506269e-07 1.079601216298600619e+01
2.202646579481454319e+04 1.976763357610775145e-11 7.319595524831698944e-07 1.070186327452363706e+01
2.315578684540369068e+04 1.686578434403583082e-11 6.599940220196643471e-07 1.060853543119015896e+01
2.434300942441707230e+04 1.438992079877831663e-11 5.951040704693300196e-07 1.051602147288707734e+01
2.559110220669883711e+04 1.227750909007582158e-11 5.365940339966500225e-07 1.042431430196391062e+01
2.690318607430719567e+04 1.047519521231088795e-11 4.838366457378101425e-07 1.033340688265985108e+01
2.828254192034512744e+04 8.937457421611076871e-12 4.362663110791314990e-07 1.024329224057072274e+01
2.973261885290210193e+04 7.625456475431879245e-12 3.933730441033058444e-07 1.015396346212123468e+01
3.125704281962085952e+04 6.506054654662338080e-12 3.546970001977789536e-07 1.006541369402264863e+01
3.285962567445517197e+04 5.550978791343356127e-12 3.198235462118623291e-07 9.977636142744962910e+00
3.454437470929026313e+04 4.736106162260647037e-12 2.883788153113999452e-07 9.890624074016281853e+00
3.631550267425979837e+04 4.040855211910259273e-12 2.600256988749566505e-07 9.804370812283108805e+00
3.817743831181556016e+04 3.447665716138583276e-12 2.344602324633002522e-07 9.718869740207814800e+00
4.013483743089039490e+04 2.941555256720247056e-12 2.114083371166564623e-07 9.634114298167036239e+00
4.219259454884566367e+04 2.509740804578256297e-12 1.906228810441262517e-07 9.550097983735490459e+00
4.435585513031406299e+04 2.141315853841243431e-12 1.718810302051241742e-07 9.466814351195834476e+00
4.663002845354139572e+04 1.826974951974121734e-12 1.549818593788645982e-07 9.384257011041921004e+00
4.902080113639969204e+04 1.558778668337250796e-12 1.397441981111150930e-07 9.302419629486681885e+00
5.153415135589398415e+04 1.329953064894676921e-12 1.260046884453882429e-07 9.221295927984217045e+00
5.417636379671867326e+04 1.134718604219488124e-12 1.136160336158993913e-07 9.140879682735885581e+00
5.695404536624281900e+04 9.681441734665924717e-13 1.024454189274385914e-07 9.061164724221008271e+00
5.987414171521994285e+04 8.260225373338547346e-13 9.237308789267325361e-08 8.982144936721629946e+00
6.294395460553275188e+04 7.047640742807236924e-13 8.329105836222168859e-08 8.903814257853039038e+00
6.617116016840114025e+04 6.013061120581792948e-13 7.510196488352408768e-08 8.826166678096816653e+00
6.956382809870861820e+04 5.130355726030781465e-13 6.771801487788082422e-08 8.749196240349972342e+00
7.313044183344273188e+04 4.377229725058579233e-13 6.106004744498856421e-08 8.672897039445599532e+00
7.687991976470644295e+04 3.734661120812559713e-13 5.505668470507557860e-08 8.597263221729974703e+00
8.082163754034375597e+04 3.186420307678922946e-13 4.964356658000271201e-08 8.522288984581438243e+00
8.496545150794286747e+04 2.718660153823980378e-13 4.476266081012257935e-08 8.447968575993403562e+00
8.932172336083906703e+04 2.319566258782129950e-13 4.036164080944996843e-08 8.374296294116740924e+00
9.390134604774527543e+04 1.979058552542910745e-13 3.639332468955985866e-08 8.301266486830270352e+00
9.871577101079767453e+04 1.688536699291305443e-13 3.281516943804037946e-08 8.228873551291963295e+00
1.037770368201258680e+05 1.440662875381527350e-13 2.958881482890337969e-08 8.157111933535702519e+00
1.090977992765488161e+05 1.229176435059829040e-13 2.667967217515651976e-08 8.085976128018700138e+00
1.146913630576689611e+05 1.048735782897774750e-13 2.405655351488365587e-08 8.015460677206629470e+00
1.205717149864963576e+05 8.947834590383133859e-14 2.169133725539599158e-08 7.945560171180807707e+00
1.267535590057915979e+05 7.634310296497664207e-14 1.955866669080916770e-08 7.876269247175347488e+00
1.332523529455816897e+05 6.513608752432377638e-14 1.763567816120202301e-08 7.807582589209629553e+00
1.400843471757866791e+05 5.557423962608429527e-14 1.590175593879196724e-08 7.739494927647758260e+00
1.472666252406089625e+05 4.741605195223776555e-14 1.433831121352965960e-08 7.672001038822941155e+00
1.548171465762921434e+05 4.045546997787521601e-14 1.292858280854747947e-08 7.605095744608589392e+00
1.627547914190663723e+05 3.451668757195021803e-14 1.165745748911824550e-08 7.538773912045411585e+00
1.710994080155731353e+05 2.944970659324292600e-14 1.051130793862299956e-08 7.473030452937149626e+00
1.798718622538203781e+05 2.512654832882899982e-14 9.477846664563810533e-09 7.407860323449853013e+00
1.890940898387710622e+05 2.143802108595963689e-14 8.545994268413718605e-09 7.343258523749125466e+00
1.987891511430313694e+05 1.829096229483024157e-14 7.705760667009555101e-09 7.279220097589233163e+00
2.089812888697938761e+05 1.560588546533401404e-14 6.948137992169898127e-09 7.215740131956336789e+00
2.196959886722229712e+05 1.331497256577201619e-14 6.265004020294970431e-09 7.152813756681503321e+00
2.309600428808625729e+05 1.136036111638763835e-14 5.649035096674208114e-09 7.090436144057372658e+00
2.428016174984180834e+05 9.692682734214021451e-15 5.093627621002191417e-09 7.028602508490751077e+00
2.552503226294341730e+05 8.269816216543016502e-15 4.592827252340020853e-09 6.967308106109068255e+00
2.683372865209793090e+05 7.055823669332561028e-15 4.141265074592720453e-09 6.906548234419481069e+00
2.820952333994774381e+05 6.020042809796253189e-15 3.734100038120850304e-09 6.846318231938087528e+00
2.965585652983192704e+05 5.136312517173634019e-15 3.366967060436782941e-09 6.786613477823094875e+00
3.117634480808650260e+05 4.382312071129543534e-15 3.035930229596595048e-09 6.727429391542175452e+00
3.277479018739408348e+05 3.738997388602556465e-15 2.737440608575681051e-09 6.668761432496014940e+00
3.445518961379595567e+05 3.190120019996616037e-15 2.468298188287621824e-09 6.610605099695015419e+00
3.622174496113909991e+05 2.721816755741963433e-15 2.225617581333088398e-09 6.552955931386156507e+00
3.807887353794944938e+05 2.322259477827531584e-15 2.006797088717062516e-09 6.495809504747074747e+00
4.003121913300411543e+05 1.981356412396401825e-15 1.809490807881806359e-09 6.439161435504566988e+00
4.208366362722213962e+05 1.690497237896389058e-15 1.631583483062912142e-09 6.383007377634423385e+00
4.424133920090965694e+05 1.442335610824760669e-15 1.471167828323992543e-09 6.327343023003925815e+00
4.650964116688389913e+05 1.230603616271497701e-15 1.326524080172725097e-09 6.272164101050319296e+00
4.889424146156553179e+05 1.049953456750983079e-15 1.196101560542395311e-09 6.217466378459050702e+00
5.140110282777408138e+05 8.958223807950497118e-16 1.078502052481149940e-09 6.163245658830107665e+00
5.403649372469085502e+05 7.643174397624842667e-16 9.724648103283614346e-10 6.109497782362018903e+00
5.680700400227193022e+05 6.521171621168334479e-16 8.768530436740079148e-10 6.056218625521180066e+00
5.971956137930564582e+05 5.563876617281605254e-16 7.906417302040267087e-10 6.003404100745193261e+00
6.278144876631795196e+05 4.747110613044528820e-16 7.129066267715654093e-10 5.951050156110015976e+00
6.600032247664229944e+05 4.050244231238915663e-16 6.428143608907983087e-10 5.899152775027326712e+00
6.938423137119094608e+05 3.455676446132610818e-16 5.796134964247559304e-10 5.847707975941527359e+00
7.294163698479967425e+05 2.948390027507774093e-16 5.226264776850593877e-10 5.796711812016345888e+00
7.668143468447235646e+05 2.515572244629504930e-16 4.712423655804436035e-10 5.746160370837339215e+00
8.061297591243179049e+05 2.146291250108650390e-16 4.249102879391876404e-10 5.696049774101498819e+00
8.474609156959623797e+05 1.831219969980828767e-16 3.831335337904455119e-10 5.646376177337451452e+00
8.909111659795242595e+05 1.562400526156600161e-16 3.454642282884183372e-10 5.597135769590110499e+00
9.365891582329371013e+05 1.333043241200542091e-16 3.114985311940571102e-10 5.548324773146364741e+00
9.846091112294379855e+05 1.137355148799498598e-16 2.808723074363239201e-10 5.499939443237455983e+00
1.035091099863994634e+06 9.703936785540071927e-17 2.532572233396521655e-10 5.451976067744081611e+00
1.088161355403086869e+06 8.279418195556166485e-17 2.283572266670181946e-10 5.404430966929141711e+00
1.143952581128624268e+06 7.064016096953610549e-17 2.059053727407564011e-10 5.357300493135694452e+00
1.202604284165272489e+06 6.027032605361713940e-17 1.856609626168791520e-10 5.310581030526706492e+00
1.264263124320930336e+06 5.142276224673676815e-17 1.674069626304387130e-10 5.264268994788106504e+00
1.329083280812643003e+06 4.387400318246223566e-17 1.509476776492875922e-10 5.218360832870831523e+00
1.397226837794951163e+06 3.743338691179965782e-17 1.361066530907568181e-10 5.172853022710865112e+00
1.468864189654704416e+06 3.193824028002035678e-17 1.227247832100108102e-10 5.127742072952067076e+00
1.544174467085782439e+06 2.724977022751746642e-17 1.106586053798643286e-10 5.083024522692314306e+00
1.623345985009134281e+06 2.324955823935495444e-17 9.977876207501384277e-11 5.038696941211161295e+00
1.706576713458170416e+06 1.983656940266820596e-17 8.996861407248075945e-11 4.994755927699462639e+00
1.794074772606963990e+06 1.692460052858056061e-17 8.112299000101321290e-11 4.951198111014738501e+00
1.886058953179090517e+06 1.444010288459293519e-17 7.314705883321975035e-11 4.908020149404112686e+00
1.982759263538399944e+06 1.232032454565219430e-17 6.595531323344572312e-11 4.865218730263990210e+00
2.084417504829733167e+06 1.051172544429893974e-17 5.947065286167500455e-11 4.822790569879043865e+00
2.191287875607731752e+06 8.968625088311112799e-18 5.362355780609908388e-11 4.780732413163621963e+00
2.303637607465630397e+06 7.652048790744275448e-18 4.835134328308534850e-11 4.739041033425277938e+00
2.421747633253435604e+06 6.528743271058398279e-18 4.359748761417299065e-11 4.697713232110489301e+00
2.545913289556382690e+06 5.570336764047955364e-18 3.931102627571605713e-11 4.656745838553250749e+00
2.676445055190230254e+06 4.752622423136314103e-18 3.544600552506069254e-11 4.616135709748419025e+00
2.813669327560023405e+06 4.054946918585000973e-18 3.196098974545544686e-11 4.575879730081195973e+00
2.957929238823618274e+06 3.459688788347110883e-18 2.881861722861332470e-11 4.535974811136329166e+00
3.109585513900805730e+06 2.951813365877703955e-18 2.598519963190571348e-11 4.496417891402808564e+00
3.269017372473504394e+06 2.518493043744871403e-18 2.343036081688098077e-11 4.457205936084709386e+00
3.436623477232492529e+06 2.148783281734033192e-18 2.112671119660818189e-11 4.418335936851447876e+00
3.612822930741789285e+06 1.833346176325203441e-18 1.904955410088727004e-11 4.379804911591211436e+00
3.798056323413363658e+06 1.564214609646410515e-18 1.717662101147201296e-11 4.341609904226304550e+00
3.992786835212660953e+06 1.334591020847681635e-18 1.548783282847894866e-11 4.303747984430374984e+00
4.197501393849772401e+06 1.138675717478123776e-18 1.396508460906319576e-11 4.266216247451242616e+00
4.412711892352341674e+06 9.715203903802840029e-19 1.259205147020362986e-11 4.229011813848732260e+00
4.638956469064769335e+06 8.289031323298163596e-19 1.135401357507177978e-11 4.192131829316701364e+00
4.876800853274373338e+06 7.072218036698653527e-19 1.023769832644181310e-11 4.155573464428883312e+00
5.126839779829283245e+06 6.034030516687656183e-19 9.231138075552214430e-12 4.119333914426241527e+00
5.389698476285348646e+06 5.148246856561447462e-19 8.323541820905102292e-12 4.083410399024106852e+00
5.666034226300688460e+06 4.392494473262304294e-19 7.505179521447981702e-12 4.047800162165378524e+00
5.956538013187206350e+06 3.747685034388862845e-19 6.767277784048942459e-12 4.012500471853537753e+00
6.261936247728782706e+06 3.197532336688617422e-19 6.101925806785617454e-12 3.977508619894922770e+00
6.582992584586608224e+06 2.728140959110084811e-19 5.501990569865765864e-12 3.942821921717022615e+00
6.920509831833604723e+06 2.327655300737896607e-19 4.961040364867774454e-12 3.908437716165905407e+00
7.275331958392771892e+06 1.985960139251956008e-19 4.473275842500735458e-12 3.874353365291201445e+00
7.648346204399101436e+06 1.694425146819325669e-19 4.033467839690514153e-12 3.840566254147229408e+00
8.040485299762050621e+06 1.445686910542818139e-19 3.636901319443366919e-12 3.807073790596118279e+00
8.452729796476161107e+06 1.233462951866703282e-19 3.279324822477769362e-12 3.773873405094781308e+00
