# [1] m:            [M_sun/h] 
# [2] sigma 
# [3] ln(1/sigma) 
# [4] n_eff 
# [5] f(sigma) 
# [6] dn/dm:        [h^4/(Mpc^3*M_sun)] 
# [7] dn/dlnm:      [h^3/Mpc^3] 
# [8] dn/dlog10m:   [h^3/Mpc^3] 
# [9] n(>m):        [h^3/Mpc^3] 
# [11] rho(>m):     [M_sun*h^2/Mpc^3] 
# [11] rho(<m):     [M_sun*h^2/Mpc^3] 
# [12] Lbox(N=1):   [Mpc/h]
1.000000000000000000e+10 3.627251413926564361e+00 -1.288475175220339830e+00 -2.375582828825012704e+00 2.566521214557684893e-01 2.091207441240849183e-11 2.091207441240849063e-01 4.815183080559401474e-01 2.364680831859445886e-01 3.650130454373087311e+10 4.179272945626912689e+10 1.617120898548140229e+00
1.122018454301965332e+10 3.583890380282380939e+00 -1.276448908786216530e+00 -2.370911416097318813e+00 2.580867908400460431e-01 1.682887177015989540e-11 1.888230469120078525e-01 4.347811330333046786e-01 2.135605971587135610e-01 3.625896685300547028e+10 4.203506714699452972e+10 1.672988508274688257e+00
1.258925411794171333e+10 3.540726734802646103e+00 -1.264331998393230627e+00 -2.366155093744894078e+00 2.595316683998254992e-01 1.354411968718962114e-11 1.705103645458473649e-01 3.926146236042486470e-01 1.928757032427748097e-01 3.601344060761970520e+10 4.228059339238029480e+10 1.730775846331411127e+00
1.412537544622761154e+10 3.497762476265948717e+00 -1.252123471565343760e+00 -2.361328181962702999e+00 2.609864629642951184e-01 1.090117105238797823e-11 1.539831339185283587e-01 3.545592687333092297e-01 1.741963559343359391e-01 3.576466540622541046e+10 4.252936859377458954e+10 1.790552165350980385e+00
1.584893192461123848e+10 3.454998996292557578e+00 -1.239822166710924600e+00 -2.356456867208729378e+00 2.624508728583672124e-01 8.774110540323819288e-12 1.390602806526061441e-01 3.201981292582592453e-01 1.573274209845468008e-01 3.551258837768041229e+10 4.278144562231958771e+10 1.852387573145552802e+00
1.778279410038937378e+10 3.412437334021782842e+00 -1.227426796685843646e+00 -2.351550461591345176e+00 2.639245760143328901e-01 7.062093085700150727e-12 1.255837472607892191e-01 2.891672643650251007e-01 1.420932861439647699e-01 3.525716337078595734e+10 4.303687062921404266e+10 1.916352866286145984e+00
1.995262314968899155e+10 3.370078870143514038e+00 -1.214936147693826740e+00 -2.346563672300460368e+00 2.654072038740171169e-01 5.684514802147997738e-12 1.134209816360878809e-01 2.611614615480074009e-01 1.283350679961390295e-01 3.499833691712931824e+10 4.329569708287068176e+10 1.982522926436736554e+00
2.238721138568365097e+10 3.327925694009084445e+00 -1.202349195188390452e+00 -2.341489110839845900e+00 2.668983251936066226e-01 4.576002248240391731e-12 1.024439296327212812e-01 2.358858652400350198e-01 1.159088848264380328e-01 3.473604484334149933e+10 4.355798915665850067e+10 2.050978420097815835e+00
2.511886431509613037e+10 3.285979424208740785e+00 -1.189664757942623829e+00 -2.336362184141852705e+00 2.683974844609993138e-01 3.683723173641837485e-12 9.253094257308461246e-02 2.130603690094727554e-01 1.046852289702003835e-01 3.447022831263908386e+10 4.382380568736091614e+10 2.121802047883089237e+00
2.818382931264495468e+10 3.244241210500421246e+00 -1.176881489376827128e+00 -2.331199091823501490e+00 2.699041998743049176e-01 2.965404323316444650e-12 8.357644929133009604e-02 1.924418862635894623e-01 9.454767258837387667e-02 3.420083871826084137e+10 4.409319528173915863e+10 2.195076797273974645e+00
3.162277660168431091e+10 3.202712233609759540e+00 -1.163998023821563921e+00 -2.325967103120119006e+00 2.714179428491586554e-01 2.387245412867373739e-12 7.549132838450059446e-02 1.738252073884693494e-01 8.539099524707244315e-02 3.392782409385975647e+10 4.436620990614024353e+10 2.270889356886872434e+00
3.548133892335818481e+10 3.161394529925039443e+00 -1.151013237189856486e+00 -2.320632834633426178e+00 2.729381042439357752e-01 1.921967959982328155e-12 6.819399658796830577e-02 1.570224799751426537e-01 7.711980306298217569e-02 3.365111900557047653e+10 4.464291499442951965e+10 2.349333632818303208e+00
3.981071705535050964e+10 3.120289984987017373e+00 -1.137925941408469033e+00 -2.315235172919148710e+00 2.744640270381424330e-01 1.547406068217962034e-12 6.160334515155769380e-02 1.418469442245437750e-01 6.964806745799004273e-02 3.337065909576363754e+10 4.492337490423635864e+10 2.430507561383560500e+00
4.466835921509725952e+10 3.079399882512266373e+00 -1.124734734660880253e+00 -2.309793695706002570e+00 2.759950199439066276e-01 1.245826565156419238e-12 5.564902853211770722e-02 1.281366235376545648e-01 6.289847826393511754e-02 3.308639206350166321e+10 4.520764193649833679e+10 2.514509537198885258e+00
5.011872336272837830e+10 3.038725308664306457e+00 -1.111438121124211253e+00 -2.304297504071944225e+00 2.775303391610878800e-01 1.003024283618606793e-12 5.027029659677976353e-02 1.157516355641343975e-01 5.680127178639041846e-02 3.279826764024136734e+10 4.549576635975863647e+10 2.601440996616111168e+00
5.623413251903628540e+10 2.998268112641714112e+00 -1.098034826182642476e+00 -2.298692620406391995e+00 2.790691478289056837e-01 8.076025002034063998e-13 4.541482601914338668e-02 1.045715013925976877e-01 5.129319336247213645e-02 3.250622234352516556e+10 4.578781165647483826e+10 2.691411398664217636e+00
6.309573444802097321e+10 2.958030422235331969e+00 -1.084523648967069986e+00 -2.293005962335306069e+00 2.806105291819335212e-01 6.502751137789321347e-13 4.102958589715212379e-02 9.447411285850121354e-02 4.631705300619468751e-02 3.221018731342121124e+10 4.608384668657878876e+10 2.784537217959368594e+00
7.079457843841575623e+10 2.918013683187258511e+00 -1.070903139324437925e+00 -2.287266670606868502e+00 2.821535187657702726e-01 5.235883304507449519e-13 3.706721512953441156e-02 8.535041699606929488e-02 4.182143975983044354e-02 3.191010580522341156e+10 4.638392819477658844e+10 2.880936416767089447e+00
7.943282347243049622e+10 2.878219004684917426e+00 -1.057171701707926070e+00 -2.281483733031588024e+00 2.836970869227754544e-01 4.215692265065581728e-13 3.348643395050450444e-02 7.710536363196139609e-02 3.776004524412969465e-02 3.160592971700004196e+10 4.668810428299995422e+10 2.980729034859960880e+00
8.912509381337731934e+10 2.838647971304818274e+00 -1.043327872375542587e+00 -2.275595193200869559e+00 2.852401021034408068e-01 3.394449300055080657e-13 3.025306123121620366e-02 6.966024780843452224e-02 3.409090495811981092e-02 3.129760039552141953e+10 4.699643360447857666e+10 3.084043464079805563e+00
1.000000000000032654e+11 2.799302847746017786e+00 -1.029370403231907316e+00 -2.269602245071213442e+00 2.867813167398070573e-01 2.733302532759727829e-13 2.733302532759817119e-02 6.293661666575624258e-02 3.077598334626505464e-02 3.098504695083227921e+10 4.730898704916772461e+10 3.191018734172740956e+00
1.122018454302001953e+11 2.760185298473751825e+00 -1.015297814603633331e+00 -2.263547507960587790e+00 2.883194113003244574e-01 2.200878350365738549e-13 2.469426124784105878e-02 5.686063783177936620e-02 2.778105198382667743e-02 3.066820869674128723e+10 4.762582530325871277e+10 3.301797524806278084e+00
1.258925411794212494e+11 2.721296535220405044e+00 -1.001108434098551214e+00 -2.257450891933998172e+00 2.898529827155576499e-01 1.772067963838825169e-13 2.230901391103124604e-02 5.136840287093734359e-02 2.507532596625876992e-02 3.034703951497092819e+10 4.794699448502906799e+10 3.416523960967837947e+00
1.412537544622807312e+11 2.682637891219074255e+00 -9.868005981975033203e-01 -2.251261926227580812e+00 2.913805152053809966e-01 1.426815584843306454e-13 2.015430582844118801e-02 4.640700416021169283e-02 2.263094079048005511e-02 3.002148795635274887e+10 4.827254604364724731e+10 3.535350394124814333e+00
1.584893192461175842e+11 2.644211614653568798e+00 -9.723729545861292678e-01 -2.244947158728119341e+00 2.929003417051758706e-01 1.148879933949045060e-13 1.820851986271086742e-02 4.192666640136403361e-02 2.042259902644067218e-02 2.969148564667305374e+10 4.860254835332695007e+10 3.658443310573086471e+00
1.778279410038995667e+11 2.606019644831678139e+00 -9.578240169826357508e-01 -2.238559099995639734e+00 2.944106848136965882e-01 9.250542184462283135e-14 1.645004869832642977e-02 3.787763691179254349e-02 1.842749144361176608e-02 2.935696987171483994e+10 4.893706412828515625e+10 3.785976616305959830e+00
1.995262314968964539e+11 2.568063322176859842e+00 -9.431520436922662398e-01 -2.232120669432804849e+00 2.959096605631689747e-01 7.447826330196148256e-14 1.486036720507397449e-02 3.421726000282093033e-02 1.662511902074643652e-02 2.901789629364909744e+10 4.927613770635090637e+10 3.918126128661669316e+00
2.238721138568438416e+11 2.530343826509721339e+00 -9.283551933121007016e-01 -2.225608959913266016e+00 2.973952526849140687e-01 5.996140088373100077e-14 1.342368556565848303e-02 3.090917827652456956e-02 1.499695806376280700e-02 2.867422269317770004e+10 4.961981130682229614e+10 4.055075466269975060e+00
2.511886431509695129e+11 2.492863227026545392e+00 -9.134319402311655844e-01 -2.218959273101662966e+00 2.988652624963364923e-01 4.827547321205849438e-14 1.212625061360794905e-02 2.792172389680356442e-02 1.352618550942960921e-02 2.832588961771725845e+10 4.996814438228274536e+10 4.197024974804020481e+00
2.818382931264587402e+11 2.455623736003673230e+00 -8.983807965953762853e-01 -2.212215471688692148e+00 3.003173295743399862e-01 3.886558960551771738e-14 1.095381143577255079e-02 2.522208292347758243e-02 1.219759033892258565e-02 2.797283539920923615e+10 5.032119860079076385e+10 4.344188406347625708e+00
3.162277660168534546e+11 2.418626836534336633e+00 -8.831999562035911522e-01 -2.205410034575075784e+00 3.017489562151661198e-01 3.128716931537437530e-14 9.893871657591885721e-03 2.278148139076736564e-02 1.099750123106646611e-02 2.761501825503414154e+10 5.067901574496585846e+10 4.496783653687517202e+00
3.548133892335934448e+11 2.381873687154419716e+00 -8.678874414642747670e-01 -2.198548920845487586e+00 3.031574808072388660e-01 2.518388498340496112e-14 8.935579585030913388e-03 2.057493234975410479e-02 9.913590887553433428e-03 2.725240829385851669e+10 5.104162570614147949e+10 4.655035555307472706e+00
3.981071705535180664e+11 2.345366069550482102e+00 -8.524414961330197826e-01 -2.191549995195959610e+00 3.045400306324336226e-01 2.027099071709908071e-14 8.070026758700945060e-03 1.858192331464785310e-02 8.934669495943388037e-03 2.688496183399589157e+10 5.140907216600410461e+10 4.819187636079400150e+00
4.466835921509872437e+11 2.309106373722932481e+00 -8.368605984852786062e-01 -2.184427887870376672e+00 3.058935126866106913e-01 1.631586312712431353e-14 7.288028350667728576e-03 1.678130543756549409e-02 8.050588777138057914e-03 2.651262356629410553e+10 5.178141043370589447e+10 4.989504885026294190e+00
5.011872336273001709e+11 2.273096276787148096e+00 -8.211429006769270789e-01 -2.177233269487913070e+00 3.072146522698904203e-01 1.313094756154752082e-14 6.581063283277144640e-03 1.515345821212440471e-02 7.252219685895813957e-03 2.613535722641770172e+10 5.215867677358229828e+10 5.166261077951474157e+00
5.623413251903812256e+11 2.237337011429770151e+00 -8.052863244598824632e-01 -2.169990480055537407e+00 3.084999692738241150e-01 1.056612194095934031e-14 5.941767014402238659e-03 1.368142415340633383e-02 6.531347626757548486e-03 2.575314847666421127e+10 5.254088552333578491e+10 5.349736607379299791e+00
6.309573444802304688e+11 2.201830047101373644e+00 -7.892888541689967452e-01 -2.162623990246717476e+00 3.097457400451099629e-01 8.501651070237383443e-15 5.364179182974489028e-03 1.235147902286603920e-02 5.880525047350741545e-03 2.536597631182448578e+10 5.292805768817551422e+10 5.540232177056348739e+00
7.079457843841807861e+11 2.166577791237970896e+00 -7.731488679635331041e-01 -2.155103972316244842e+00 3.109479615457438895e-01 6.840193729495258141e-15 4.842486315167275103e-03 1.115023680233183552e-02 5.292982151720797279e-03 2.497380082323031235e+10 5.332023317676968384e+10 5.738079004173849640e+00
7.943282347243309326e+11 2.131582178778101966e+00 -7.568645109148777195e-01 -2.147498939911927529e+00 3.121023888582373784e-01 5.502618959886369768e-15 4.370885604767174408e-03 1.006433603671916081e-02 4.762617830744524626e-03 2.457659708780992126e+10 5.371743691219007874e+10 5.943625292590978937e+00
8.912509381338023682e+11 2.096844553000281053e+00 -7.404336208937871699e-01 -2.139838548040743582e+00 3.132045229658108609e-01 4.425735147522617128e-15 3.944440602161274415e-03 9.082410130737008855e-03 4.283949176558122726e-03 2.417436976712855148e+10 5.411966423287144470e+10 6.157227920408391064e+00
1.000000000000065430e+12 2.062366150060139791e+00 -7.238539401802631668e-01 -2.132079525159667810e+00 3.142495783013689037e-01 3.559033345894591104e-15 3.559033345894824143e-03 8.194977127726144756e-03 3.852014495096545751e-03 2.376712767519700241e+10 5.452690632480299377e+10 6.379265768005211612e+00
1.122018454302038818e+12 2.028149208754486121e+00 -7.071236573590096164e-01 -2.124145723432650179e+00 3.152324359737382342e-01 2.861805886246878876e-15 3.210999016999199328e-03 7.393598470160891480e-03 3.462300105149371601e-03 2.335485939882334137e+10 5.493917460117665863e+10 6.610156832723831144e+00
1.258925411794253662e+12 1.994195947874513486e+00 -6.902409354550770315e-01 -2.116104749030044196e+00 3.161476642766012923e-01 2.300743468488059482e-15 2.896464418499269597e-03 6.669355792424085626e-03 3.110726248584748561e-03 2.293756001345835114e+10 5.535647398654164886e+10 6.850349593612945043e+00
1.412537544622853760e+12 1.960507823290157159e+00 -6.732035331988839300e-01 -2.107994070354165750e+00 3.169895226512543518e-01 1.849226332142206363e-15 2.612101622656078093e-03 6.014586257713444052e-03 2.793627697331311534e-03 2.251525875366403198e+10 5.577877524633596802e+10 7.100307497388259392e+00
1.584893192461227539e+12 1.927085975776527516e+00 -6.560090048233141458e-01 -2.099811663855421617e+00 3.177519297953407817e-01 1.485932213885289314e-15 2.355043850245635857e-03 5.422688862922903433e-03 2.507695819315404039e-03 2.208800346446216583e+10 5.620603053553783417e+10 7.360518038359463944e+00
1.778279410039053711e+12 1.893932328676804167e+00 -6.386552648102701291e-01 -2.091449722307349823e+00 3.184284237749017699e-01 1.193818246060707955e-15 2.122942406298693532e-03 4.888255538028280986e-03 2.249922209291625383e-03 2.165582679351299667e+10 5.663820720648699951e+10 7.631516234488235462e+00
1.995262314969029785e+12 1.861049307574404343e+00 -6.211404725129933135e-01 -2.082943929898536162e+00 3.190121620390931056e-01 9.589159666912467306e-16 1.913288891561141939e-03 4.405510480299787424e-03 2.017578058833424583e-03 2.121875596316728973e+10 5.707527803683271027e+10 7.913887724370245458e+00
2.238721138568511719e+12 1.828438520928789890e+00 -6.034623353615899966e-01 -2.074355300126798696e+00 3.194959336628951929e-01 7.699935258188860073e-16 1.723800782811639237e-03 3.969197985793547316e-03 1.808210347181092017e-03 2.077685405132971954e+10 5.751717994867028046e+10 8.208245740327747342e+00
2.511886431509777344e+12 1.796101130229123655e+00 -5.856182768855647813e-01 -2.065712783433712119e+00 3.198721313961634394e-01 6.180651133114537784e-16 1.552509371916593753e-03 3.574784936508697969e-03 1.619610774123536601e-03 2.033021952104118729e+10 5.796381447895881653e+10 8.515231268123297781e+00
2.818382931264679688e+12 1.764038675323399197e+00 -5.676058821307623514e-01 -2.056904522513822720e+00 3.201327265355248253e-01 4.959788479013665472e-16 1.397858319193532152e-03 3.218687727892740030e-03 1.449773957513501334e-03 1.987894581276754761e+10 5.841508818723245239e+10 8.835542805963164881e+00
3.162277660168638184e+12 1.732253625879073278e+00 -5.494232346847004456e-01 -2.047910568612136828e+00 3.202692633719147475e-01 3.978967803081546137e-16 1.258260099421505945e-03 2.897250948037165784e-03 1.296875490615254436e-03 1.942311065021144104e+10 5.887092334978855896e+10 9.169955731731407766e+00
3.548133892336050781e+12 1.700747808640081349e+00 -5.310680417753981253e-01 -2.038819562947735697e+00 3.202728672325155235e-01 3.190821359261259669e-16 1.132146140918466239e-03 2.606862827169596861e-03 1.159272646235085880e-03 1.896282539274564743e+10 5.933120860725434875e+10 9.519295397648800616e+00
3.981071705535311035e+12 1.669522456450274417e+00 -5.125376313145668661e-01 -2.029672909016801086e+00 3.201342263742240624e-01 2.557570916505095821e-16 1.018187321059844984e-03 2.344462947347941695e-03 1.035489501872147904e-03 1.849825105639279175e+10 5.979578294360720825e+10 9.884425518726256854e+00
4.466835921510018555e+12 1.638578768884003667e+00 -4.938292617784628136e-01 -2.020393266466538051e+00 3.198435807403474662e-01 2.049117301506564780e-16 9.153070769757199300e-04 2.107572430956246214e-03 9.241886174145436941e-04 1.802955967273923492e+10 6.026447432726076508e+10 1.026628055082018598e+01
5.011872336273166016e+12 1.607919048521005534e+00 -4.749408265299515652e-01 -2.010892529408674356e+00 3.193907392219920149e-01 1.641130894942766605e-16 8.225138532566875042e-04 1.893908137289940837e-03 8.241516032083894515e-04 1.755690452167659378e+10 6.073712947832341003e+10 1.066590302504952525e+01
5.623413251903997070e+12 1.577545386952668327e+00 -4.558700864631879957e-01 -2.001272673969809013e+00 3.187650837941806148e-01 1.313696663628054713e-16 7.387459227228070861e-04 1.701025349171666947e-03 7.342782660468496906e-04 1.708046466439953041e+10 6.121356933560047150e+10 1.108442345803107365e+01
6.309573444802510742e+12 1.547459083476716346e+00 -4.366142848242923757e-01 -1.991579847796164815e+00 3.179555567615153233e-01 1.050957987047337822e-16 6.631096606676983342e-04 1.526866419673782475e-03 6.535809718257138291e-04 1.660047855675725937e+10 6.169355544324273682e+10 1.152303462136793222e+01
7.079457843842039062e+12 1.517661130496766431e+00 -4.171704198611237979e-01 -1.981795249506045353e+00 3.169506674171493898e-01 8.402416576797576058e-17 5.948455394183797427e-04 1.369682471698763270e-03 5.811672495414005107e-04 1.611721642842788315e+10 6.217681757157211304e+10 1.198302013735659166e+01
7.943282347243568359e+12 1.488153472481967166e+00 -3.975360712011737352e-01 -1.971776074650469113e+00 3.157385559263776731e-01 6.714176337494561832e-17 5.333259837790102617e-04 1.228028459955933299e-03 5.162244762500333567e-04 1.563093677578484917e+10 6.266309722421514893e+10 1.246580902412627978e+01
8.912509381338316406e+12 1.458938413630514797e+00 -3.777090572929832080e-01 -1.961592554713373238e+00 3.143070255317679806e-01 5.361660385152554598e-17 4.778584848222215448e-04 1.100309823712368766e-03 4.580160191583260761e-04 1.514190931543245506e+10 6.315212468456754303e+10 1.297298086210136958e+01
1.000000000000098242e+13 1.430017336223240010e+00 -3.576865674313650656e-01 -1.951319730918716910e+00 3.126435177204975324e-01 4.278287296981639441e-17 4.278287296982059905e-04 9.851120553576681125e-04 4.058804721815753710e-04 1.465046826093763542e+10 6.364356573906236267e+10 1.350622398420633452e+01
1.122018454302075391e+13 1.401391158867166364e+00 -3.374654281483008278e-01 -1.940990500205210356e+00 3.107351525218400301e-01 3.410889594159485634e-17 3.827081070233859174e-04 8.812179822000183694e-04 3.592222212426333960e-04 1.415700453752538109e+10 6.413702946247461700e+10 1.406734921280496486e+01
1.258925411794294922e+13 1.373061347786705966e+00 -3.170428073511575295e-01 -1.930438347223223605e+00 3.085688442677393950e-01 2.717285787673055824e-17 3.420860129209086641e-04 7.876821538734528772e-04 3.174997178407967910e-04 1.366191055797052956e+10 6.463212344202947235e+10 1.465836569142386381e+01
1.412537544622899805e+13 1.345030258090433639e+00 -2.964165095222668911e-01 -1.919664172404714098e+00 3.061314289850105008e-01 2.162938232944956953e-17 3.055231460735062998e-04 7.034930417134980206e-04 2.802203379511231649e-04 1.316557470453817368e+10 6.512845929546182251e+10 1.528152803456214492e+01
1.584893192461279492e+13 1.317299419502732993e+00 -2.755837465815158538e-01 -1.908784679661424510e+00 3.034096216135939161e-01 1.719955550082134124e-17 2.725945842661169592e-04 6.276722261620702086e-04 2.469412062542341029e-04 1.266844876150253487e+10 6.562558523849746704e+10 1.593928410255608163e+01
1.778279410039111719e+13 1.289869748900925872e+00 -2.545412434315392769e-01 -1.897859609910886647e+00 3.003900966346763624e-01 1.366154913920490215e-17 2.429405154348562835e-04 5.593912093245900080e-04 2.172646203670677194e-04 1.217106193449251747e+10 6.612297206550748444e+10 1.663426680213924058e+01
1.995262314969094922e+13 1.262742232406548926e+00 -2.332857310159225372e-01 -1.886754540196789565e+00 2.970596546537365712e-01 1.083956924736989660e-17 2.162778402977506961e-04 4.979981310145476653e-04 1.908298868585893860e-04 1.167396424113322830e+10 6.662006975886677551e+10 1.736938876472593662e+01
2.238721138568585156e+13 1.235919045939197547e+00 -2.118148600775421608e-01 -1.875370636640956379e+00 2.934055206739894506e-01 8.591225519440088845e-18 1.923335817658040046e-04 4.428644382560917433e-04 1.673083226268234957e-04 1.117769252033758545e+10 6.711634147966241455e+10 1.814794627643581393e+01
2.511886431509859375e+13 1.209401928318973418e+00 -1.901259632983812731e-01 -1.863860040994429035e+00 2.894153288197008345e-01 6.800342460817207183e-18 1.708168795694710892e-04 3.933204005284233161e-04 1.464037016572107140e-04 1.068283598114569092e+10 6.761119801885430908e+10 1.897358137050979465e+01
2.818382931264771875e+13 1.183191792177386237e+00 -1.682156954206374122e-01 -1.852286645821466182e+00 2.850772077710796992e-01 5.374936663102219602e-18 1.514862974791652628e-04 3.488100903683874314e-04 1.278504393847905321e-04 1.019007183557805443e+10 6.810396216442194366e+10 1.985024745238543531e+01
3.162277660168741406e+13 1.157289256491427221e+00 -1.460804225759126662e-01 -1.840597022144808026e+00 2.803800220500938800e-01 4.241885062721896990e-18 1.341401837084893521e-04 3.088691873786503293e-04 1.114084574411146518e-04 9.700119201550765991e+09 6.859391479844923401e+10 2.078231610689275755e+01
3.548133892336166406e+13 1.131696075727492756e+00 -1.237174593929477595e-01 -1.828598507259256767e+00 2.753138685549814113e-01 3.342806837174034040e-18 1.186072623451025489e-04 2.731033141966671281e-04 9.685914490173178309e-05 9.213684887457641602e+09 6.908034911254235840e+10 2.177474727356000983e+01
3.981071705535441406e+13 1.106414180259273294e+00 -1.011243178619064265e-01 -1.816420527241329852e+00 2.698702127534024497e-01 2.629842839129187823e-18 1.046959291686220346e-04 2.410712858008295999e-04 8.400477990179442181e-05 8.731502587425329208e+09 6.956253141257467651e+10 2.283312393243388172e+01
4.466835921510164844e+13 1.081444470473498010e+00 -7.829762017692158682e-02 -1.804158953290264211e+00 2.640418982929219061e-01 2.065017433346703233e-18 9.224094049817776163e-05 2.123926145548548901e-04 7.266818239290235226e-05 8.254391328656375885e+09 7.003964267134362793e+10 2.396359111995791125e+01
5.011872336273329688e+13 1.056787352217908538e+00 -5.523350615465336122e-02 -1.791846247108075607e+00 2.578235023171050466e-01 1.618162493372827296e-18 8.110023836130347960e-05 1.867401998890012567e-04 6.268986203180598586e-05 7.783231078143646240e+09 7.051080292185635376e+10 2.517295669252017376e+01
5.623413251904180469e+13 1.032443984712757556e+00 -3.192879228717113160e-02 -1.779231435596595690e+00 2.512119702848030212e-01 1.265467764764192509e-18 7.116248198232522017e-05 1.638576701929594242e-04 5.392491527975700204e-05 7.318891719172881126e+09 7.097514228082711792e+10 2.646895787939761036e+01
6.309573444802717188e+13 1.008416337608137203e+00 -8.381117715792311268e-03 -1.766356391434366735e+00 2.442070629544261795e-01 9.874732806946154786e-19 6.230535189322965065e-05 1.434633744830989411e-04 4.624188916285557407e-05 6.862233696190487862e+09 7.143180030380950928e+10 2.786045109217080906e+01
7.079457843842270312e+13 9.847053530917567743e-01 1.541281647652088978e-02 -1.753380366214326358e+00 2.368112259783924645e-01 7.686235176290959300e-19 5.441437790840940428e-05 1.252937354164480161e-04 3.952296141536692657e-05 6.414182592210834503e+09 7.187985140778916931e+10 2.935734932322734281e+01
7.943282347243828125e+13 9.613113191480652242e-01 3.945696914554276680e-02 -1.740391035009883902e+00 2.290300070807271549e-01 5.966306350461323050e-19 4.739205591186817623e-05 1.091242414690080044e-04 3.366251199323055113e-05 5.975728497486982346e+09 7.231830550251301575e+10 3.097070985697627421e+01
8.912509381338607812e+13 9.382347321591815170e-01 6.375511377813847247e-02 -1.727154857430038826e+00 2.208727028587072205e-01 4.618437119337402728e-19 4.116186415321705687e-05 9.477869479904358209e-05 2.856493858652928112e-05 5.547848330620821953e+09 7.274618566937918091e+10 3.271314021362350388e+01
1.000000000000130938e+14 9.154773508852416253e-01 8.830965478557076254e-02 -1.713568003208613355e+00 2.123531880157679963e-01 3.564700430749727122e-19 3.564700430750193888e-05 8.208026072834851154e-05 2.414346469834449742e-05 5.131468677163049698e+09 7.316256532283694458e+10 3.459925935112282502e+01
1.122018454302112188e+14 8.930402310013951794e-01 1.131236476071063868e-01 -1.699859684432570184e+00 2.034896412724707115e-01 2.742268350083329658e-19 3.076875695442101306e-05 7.084768109320670323e-05 2.032026615280563433e-05 4.727537011264431000e+09 7.356649698873556519e+10 3.664574337744625865e+01
1.258925411794336094e+14 8.709235551234797423e-01 1.382010727741546929e-01 -1.686130403919938514e+00 1.943047664609322267e-01 2.101905259587876253e-19 2.646141944479347955e-05 6.092966995304424578e-05 1.702583237664937466e-05 4.337041222596387863e+09 7.395699277740361023e+10 3.887143278883669950e+01
1.412537544622946250e+14 8.491272411822022859e-01 1.635462320721788876e-01 -1.672253785232168388e+00 1.848263028290916543e-01 1.604930638435155127e-19 2.267024783305331606e-05 5.220017471486914046e-05 1.419758625995155136e-05 3.960939681454491615e+09 7.433309431854550171e+10 4.129795005101175320e+01
1.584893192461331250e+14 8.276525492267264861e-01 1.891618392025008755e-01 -1.657963667615259151e+00 1.750880152861540584e-01 1.220669555320450959e-19 1.934630868472183080e-05 4.454652198190173635e-05 1.177891884253228943e-05 3.600099216310554981e+09 7.469393478368943787e+10 4.395060491190984209e+01
1.778279410039170000e+14 8.065006779283556693e-01 2.150505408365005200e-01 -1.643495314725730960e+00 1.651293292027179449e-01 9.243212436676747424e-20 1.643701435876024607e-05 3.784762423581042746e-05 9.719065187089493974e-06 3.255336390474590778e+09 7.503869760952540588e+10 4.685887254705820482e+01
1.995262314969160312e+14 7.856716778506303012e-01 2.412162864773964299e-01 -1.628978841384659759e+00 1.549948591968071387e-01 6.965284672764119974e-20 1.389757002059854887e-05 3.200033755827117604e-05 7.972866142237462018e-06 2.927454594240212440e+09 7.536657940575978088e+10 5.005665702901407599e+01
2.238721138568658125e+14 7.651650593850632953e-01 2.676637045272406978e-01 -1.614431852199871065e+00 1.447345775205131635e-01 5.221287512306142600e-20 1.168900672434432361e-05 2.691493263538240183e-05 6.499984387396129178e-06 2.617194353664482117e+09 7.567683964633551025e+10 5.358327188499794858e+01
2.511886431509941875e+14 7.449813403059500905e-01 2.943961074854425930e-01 -1.599464602493205989e+00 1.344043822833305979e-01 3.893004795658221103e-20 9.778785924017019911e-06 2.251648669622159603e-05 5.264198904106034738e-06 2.325159638535745621e+09 7.596887436146424866e+10 5.748518100720541923e+01
2.818382931264864375e+14 7.251217301624091061e-01 3.214157345494177420e-01 -1.584203060292219689e+00 1.240655953062703154e-01 2.885557632257117796e-20 8.132606377934517491e-06 1.872601821302032185e-05 4.233136281374991619e-06 2.051819769736635447e+09 7.624221423026336670e+10 6.181766308014447731e+01
3.162277660168845000e+14 7.055861854656603205e-01 3.487263529028985509e-01 -1.568874340905561882e+00 1.137833359445128700e-01 2.124877268498409638e-20 6.719451916773117737e-06 1.547210981665204902e-05 3.378183080633186074e-06 1.797559276409113169e+09 7.649647472359088135e+10 6.664572127922978950e+01
3.548133892336283125e+14 6.863739468450371639e-01 3.763326877568330397e-01 -1.553609690136539934e+00 1.036259276637443438e-01 1.553571890331864071e-20 5.512281078267434464e-06 1.269249623921174007e-05 2.674067929236594481e-06 1.562654818125174522e+09 7.673137918187483215e+10 7.204588627058937789e+01
3.981071705535571875e+14 6.674846611270185415e-01 4.042388685567581130e-01 -1.537992361929151119e+00 9.366441878597504822e-02 1.127461456088943121e-20 4.488504901917628255e-06 1.033516447698623355e-05 2.098376411331647470e-06 1.347205550734964848e+09 7.694682844926502991e+10 7.810980162309503783e+01
4.466835921510310625e+14 6.489192991046175418e-01 4.324469165357302525e-01 -1.521934037869645095e+00 8.397173999321523585e-02 8.117165259811250172e-21 3.625804536336046364e-06 8.348723475477568958e-06 1.631279212520054440e-06 1.151112028758950949e+09 7.714292197124104309e+10 8.494879693596230652e+01
5.011872336273493750e+14 6.306778156598977780e-01 4.609601400870187438e-01 -1.505788507968039314e+00 7.461988173336137065e-02 5.792206656267532235e-21 2.902980030652643725e-06 6.684358543840176186e-06 1.255452162037112315e-06 9.741282047823877335e+08 7.731990579521760559e+10 9.269719877432325461e+01
5.623413251904365000e+14 6.127592264399754907e-01 4.897831992576964777e-01 -1.489731065842982094e+00 6.567817648867005365e-02 4.093104147677970464e-21 2.301721610547701837e-06 5.299909868669385230e-06 9.558454517243745713e-07 8.158663671299381256e+08 7.747816763287005615e+10 1.015166880696525595e+02
6.309573444802923750e+14 5.951623459690038587e-01 5.189210602853255860e-01 -1.473476846652097327e+00 5.721177477300466718e-02 2.862636706627304378e-21 1.806201654625373774e-06 4.158933004881565610e-06 7.193743798856017108e-07 6.757546755407154560e+08 7.761827932445928955e+10 1.116044927213089579e+02
7.079457843842502500e+14 5.778875715871157892e-01 5.483759420548918184e-01 -1.456648350609188292e+00 4.928043474897227105e-02 1.980235494152343465e-21 1.401899370173214126e-06 3.227992591638584668e-06 5.347012399725987903e-07 5.530208487430748940e+08 7.774101315125692749e+10 1.232053602484069046e+02
7.943282347244088750e+14 5.609349356023394240e-01 5.781503595040299315e-01 -1.439678783366320935e+00 4.193544422403497340e-02 1.353233316374817016e-21 1.074911431366265872e-06 2.475075038152856100e-06 3.921245492278133535e-07 4.467392054145619869e+08 7.784729479458543396e+10 1.366234734750238431e+02
8.912509381338898750e+14 5.443031984044152116e-01 6.082488373799065373e-01 -1.422760733801788913e+00 3.521731973017134393e-02 9.124966956797177294e-22 8.132635360686229897e-07 1.872608494827236914e-06 2.834324609033114781e-07 3.558645538235955238e+08 7.793816944617640686e+10 1.522358036303495226e+02
1.000000000000163625e+15 5.279905307108498924e-01 6.386769296964502907e-01 -1.405857215258942805e+00 2.915449896424623238e-02 6.064712528061437551e-22 6.064712528062429564e-07 1.396451666041078447e-06 2.017059568816039276e-07 2.792291602282565236e+08 7.801480483977174377e+10 1.705141503183495502e+02
1.122018454302148875e+15 5.119964432410514243e-01 6.694376007615797652e-01 -1.388331711111563616e+00 2.376269373457664744e-02 3.969618319821059326e-22 4.453985011375118483e-07 1.025567949161126276e-06 1.411554665015490583e-07 2.155502144497343302e+08 7.807848378555026245e+10 1.920587506571665131e+02
1.258925411794377250e+15 4.963209734023086850e-01 7.005324377565473881e-01 -1.370492851593998029e+00 1.904354482827803549e-02 2.554944568967823841e-22 3.216484643599625444e-07 7.406229592196764174e-07 9.700069379202917630e-08 1.634728337242447138e+08 7.813056116627575684e+10 2.176415047043412585e+02
1.412537544622992250e+15 4.809626541150085477e-01 7.319656540632247799e-01 -1.352679234144666065e+00 1.498375417491330797e-02 1.614270209542584389e-22 2.280217278145325223e-07 5.250394313444883483e-07 6.535913402792518686e-08 1.216221593967049718e+08 7.817241184060330200e+10 2.482549424562433558e+02
1.584893192461383250e+15 4.659192226412187665e-01 7.637430018535807941e-01 -1.335091072202653883e+00 1.155595343623905605e-02 9.994790264198763716e-23 1.584067504980793182e-07 3.647450223265046008e-07 4.311452268615045974e-08 8.862916409542891383e+07 7.820540483590457153e+10 2.851842077436720047e+02
1.778279410039228250e+15 4.511891223602460532e-01 7.958686873330318434e-01 -1.316950275556278083e+00 8.720298897250637962e-03 6.056277101958595972e-23 1.076975287190501842e-07 2.479827241807830981e-07 2.779632902346833345e-08 6.315255221228963137e+07 7.823088144778770447e+10 3.301192517630925067e+02
1.995262314969225750e+15 4.367721811730178039e-01 8.283435443703054402e-01 -1.298243269586155435e+00 6.426353284392788932e-03 3.584590038380288439e-23 7.152197418194280458e-08 1.646854315728465264e-07 1.747962512962763717e-08 4.391322201484303176e+07 7.825012077798515320e+10 3.853209554604607661e+02
2.238721138568731500e+15 4.226668490834046832e-01 8.611710010678264027e-01 -1.279541824794071747e+00 4.615108044896048395e-03 2.067299558107264134e-23 4.628107220488529808e-08 1.065661069467499706e-07 1.069833666663775519e-08 2.973416122188286483e+07 7.826429983877812195e+10 4.538314406921377326e+02
2.511886431510024000e+15 4.088705557831399107e-01 8.943566625604908449e-01 -1.261171719858445783e+00 3.222244348852560530e-03 1.158757572614558086e-23 2.910667424059999899e-08 6.702059421303934571e-08 6.358669137643040475e-09 1.956116328407945484e+07 7.827447283671592712e+10 5.397731248956029049e+02
2.818382931264956500e+15 3.953806724127666428e-01 9.279062505410823336e-01 -1.242492339965318049e+00 2.181552852322504038e-03 6.298547158396581173e-24 1.775171780299231771e-08 4.087484078820712683e-08 3.661283262611890242e-09 1.247243641330127418e+07 7.828156156358670044e+10 6.488170040557816947e+02
3.162277660168948500e+15 3.821964598344309572e-01 9.618205098184675617e-01 -1.222960027519617743e+00 1.428197064974161875e-03 3.311789713165604415e-24 1.047279862512092020e-08 2.411450999613197162e-08 2.036549493003419977e-09 7.685993167242682539e+06 7.828634800683276367e+10 7.889237136016621434e+02
3.548133892336399000e+15 3.693164336619077504e-01 9.961014586230134693e-01 -1.203388092510395690e+00 9.013287028146867250e-04 1.678475068888704180e-24 5.955454279365683769e-09 1.371294024567502173e-08 1.090863236958249321e-09 4.563190059843888506e+06 7.828947080994015503e+10 9.714263913192196469e+02
3.981071705535702000e+15 3.567377221186527336e-01 1.030754439142723022e+00 -1.184107586170291881e+00 5.464529205929939855e-04 8.169966682812547834e-25 3.252522319611441263e-09 7.489209407767719619e-09 5.608094956221831031e-10 2.601429366859916598e+06 7.829143257063313293e+10 1.212629736210433975e+03
4.466835921510457000e+15 3.444568414759675012e-01 1.065786475110951814e+00 -1.164909453145969831e+00 3.170528628488424104e-04 3.805104573947438340e-25 1.699677779601216126e-09 3.913652718202980045e-09 2.757379424729168730e-10 1.419011261457872111e+06 7.829261498873854065e+10 1.536388884511513197e+03
5.011872336273658000e+15 3.324721205494119980e-01 1.101199270373359074e+00 -1.144689668418518824e+00 1.753148464036845082e-04 1.689711960828135396e-25 8.468620632745250302e-10 1.949971962718101930e-09 1.291473254498904440e-10 7.376448843968193978e+05 7.829329635511560059e+10 1.978357898016042782e+03
5.623413251904549000e+15 3.207821969450702637e-01 1.136992900336864620e+00 -1.124177243447354257e+00 9.196900414980955130e-05 7.118864125720101434e-26 4.003231486308230845e-10 9.217781144177730795e-10 5.735357352149386730e-11 3.637311393871060573e+05 7.829367026886061096e+10 2.593063621702564888e+03
6.309573444803130000e+15 3.093839398769971383e-01 1.173172249504568221e+00 -1.103905956810129485e+00 4.553917937512982005e-05 2.830234977141861904e-26 1.785757545432728492e-10 4.111858703815038260e-10 2.402947390151208942e-11 1.692824715728595911e+05 7.829386471752842712e+10 3.465388361581266963e+03
7.079457843842734000e+15 2.982733340468516348e-01 1.209744984528464462e+00 -1.084171315407169711e+00 2.116280604202156859e-05 1.055619350790786751e-26 7.473212693068009659e-11 1.720770814383228808e-10 9.447900106016483461e-12 7.396697425857253256e+04 7.829396003302574158e+10 4.730295107064444892e+03
7.943282347244349000e+15 2.874475297198414991e-01 1.246714940723145260e+00 -1.063443837913853773e+00 9.172698356058971955e-06 3.673707950861191376e-27 2.918129951500691119e-11 6.719242525744929009e-11 3.466162438622204634e-12 3.016845302481942053e+04 7.829400383154698181e+10 6.607700694826665313e+03
8.912509381339191000e+15 2.769051178105725874e-01 1.284080366453187239e+00 -1.041946866555774509e+00 3.683145834582830214e-06 1.184733877887688549e-27 1.055895180106438373e-11 2.431288501477348386e-11 1.178529681816644817e-12 1.140802249487895097e+04 7.829402259197750854e+10 9.467162355288503022e+03
