#name RAmax RAmin DECmax DECmin
truth0 22.4794 14.2071 3.4525 -4.87658
truth1 30.7919 22.4495 3.45713 -4.82174
truth112 340.568 328.475 2.46094 -6.14411
truth113 341.646 329.994 -6.04206 -14.2801
truth114 344.191 332.721 -14.2333 -22.0174
truth115 348.354 336.86 -21.8342 -29.2185
truth116 354.318 342.841 -28.488 -36.3691
truth117 2.22594 351.13 -33.7875 -42.9186
truth118 11.8491 0.626658 -37.2277 -47.8499
truth119 22.6316 11.0352 -38.4106 -50.5142
truth12 10.7395 0.711204 3.3472 -5.66059
truth120 34.2038 22.5978 -38.4185 -50.4824
truth121 44.5685 33.3162 -37.1791 -47.7269
truth122 54.0851 42.9492 -33.6806 -42.7507
truth123 62.299 50.7844 -28.3271 -36.1667
truth124 68.2192 56.7006 -21.6424 -29.0287
truth125 72.3233 60.8269 -14.0307 -21.8
truth126 74.993 63.3405 -5.82432 -14.0504
truth127 76.4865 64.3863 2.67633 -5.91124
truth13 14.205 5.64003 -4.86453 -13.1639
truth14 22.525 13.2551 -8.2649 -18.2859
truth144 334.244 322.433 2.17578 -2.67403
truth145 335.188 323.422 -2.67747 -11.7034
truth146 337.26 325.476 -11.6849 -20.4489
truth147 340.623 328.778 -20.4385 -28.7484
truth148 345.457 333.74 -28.7507 -36.3722
truth149 352.063 341.015 -35.4198 -43.6409
truth15 31.802 22.4878 -8.26303 -18.2431
truth150 2.15815 351.083 -40.3903 -50.3256
truth151 15.4664 2.09602 -43.6316 -54.9015
truth152 29.8521 15.458 -44.741 -56.5414
truth153 43.1871 29.8615 -43.546 -54.8026
truth154 54.1469 43.1868 -40.2776 -50.1376
truth155 64.1619 53.0865 -35.2677 -43.4283
truth156 71.3582 59.6392 -28.5178 -36.168
truth157 76.2584 64.4415 -20.1769 -28.5156
truth158 79.521 67.758 -11.4274 -20.1788
truth159 81.5242 69.8075 -2.41546 -11.4255
truth16 39.3781 30.7694 -4.81797 -13.0972
truth160 82.5027 70.7051 2.41996 -2.42805
truth17 44.2799 34.1996 3.4103 -5.53943
truth176 328.477 317.434 1.57553 -8.12888
truth177 329.992 318.893 -8.11063 -17.6302
truth178 332.719 321.374 -17.631 -26.8877
truth179 336.863 325.206 -26.8811 -35.6359
truth180 342.841 331.041 -35.6281 -43.6312
truth181 351.467 339.908 -42.9194 -50.9595
truth183 22.711 5.63288 -50.5106 -61.4186
truth184 39.7729 22.7232 -50.4802 -61.3572
truth185 53.8332 39.7685 -47.7315 -57.4002
truth186 65.3426 53.808 -42.7526 -50.7412
truth187 74.0912 62.2986 -35.4079 -43.4106
truth188 79.8505 68.2209 -26.6209 -35.4132
truth189 83.6473 72.3185 -17.3631 -26.6257
truth190 86.0799 74.9882 -7.83802 -17.3582
truth191 87.4989 76.4739 1.85331 -7.84186
truth208 322.426 311.908 1.58225 -3.81674
truth209 323.423 312.885 -3.8138 -13.9276
truth210 325.472 314.642 -13.9323 -23.8879
truth211 328.79 317.439 -23.8978 -33.5348
truth212 333.736 321.766 -33.5297 -42.6744
truth213 341.021 328.546 -42.6656 -50.9366
truth214 353.317 339.529 -50.3012 -58.277
truth215 12.0229 353.289 -54.9036 -64.6026
truth216 33.4937 12.018 -56.5426 -67.0726
truth217 52.0995 33.4873 -54.7959 -64.4752
truth218 65.8131 52.0975 -50.1347 -58.0785
truth219 76.6264 64.149 -42.4183 -50.7077
truth220 83.3103 71.3527 -33.2677 -42.4221
truth221 87.5883 76.2597 -23.6018 -33.2682
truth222 90.3459 79.5059 -13.6378 -23.6107
truth223 92.0708 81.5266 -3.52732 -13.6359
truth224 93.0183 82.5047 1.86098 -3.54099
truth24 4.81304 354.339 3.24249 -5.8215
truth240 317.442 307.315 0.984652 -9.56252
truth241 318.893 308.526 -9.56198 -20.0305
truth242 321.364 310.477 -20.0326 -30.3287
truth243 325.219 313.46 -30.3314 -40.3243
truth244 331.049 318.161 -40.3252 -49.8031
truth245 339.973 326.013 -49.8 -58.2474
truth246 357.476 339.532 -57.5561 -65.5992
truth247 22.8806 357.462 -61.4155 -71.2725
truth248 48.1835 22.8762 -61.3554 -71.1702
truth249 65.8215 48.1245 -57.3971 -65.3912
truth25 7.22502 358.242 -5.42278 -13.7884
truth250 79.2123 65.3329 -49.5429 -58.0356
truth251 86.9287 74.0898 -40.0542 -49.5409
truth252 91.5629 79.8322 -30.0364 -40.0659
truth253 94.5212 83.6247 -19.7276 -30.0376
truth254 96.4316 86.0754 -9.26454 -19.7265
truth255 97.6338 87.4998 1.28789 -9.26655
truth26 13.6112 4.51977 -11.8185 -20.3195
truth27 22.5545 12.8912 -14.1574 -24.6015
truth272 311.906 302.058 0.998159 -4.72271
truth273 312.899 302.912 -4.71799 -15.5565
truth274 314.652 304.219 -15.5541 -26.3021
truth275 317.436 306.169 -26.2935 -36.8762
truth276 321.772 309.142 -36.8683 -47.1983
truth277 328.568 314.049 -47.1997 -56.994
truth278 340.194 323.008 -56.9895 -65.5866
truth279 5.84719 340.114 -64.5982 -72.9196
truth28 32.2082 22.5063 -14.1569 -24.5706
truth280 40.1282 5.82023 -67.0763 -76.9465
truth281 65.3742 40.0962 -64.4751 -72.6917
truth282 82.2495 65.3406 -56.7219 -65.3642
truth283 91.0596 76.6327 -46.9055 -56.7239
truth284 95.8768 83.2776 -36.5767 -46.9061
truth285 98.8303 87.5885 -25.9891 -36.577
truth286 100.761 90.3452 -15.2427 -25.9886
truth287 102.038 92.0678 -4.42242 -15.2337
truth288 102.882 93.0229 1.29612 -4.42207
truth29 40.5416 31.3901 -11.7531 -20.217
truth30 46.7988 37.7425 -5.32765 -13.6846
truth304 307.31 297.61 0.407997 -10.6477
truth305 308.528 298.504 -10.6471 -21.6607
truth306 310.475 299.716 -21.6674 -32.6177
truth307 313.459 301.431 -32.6156 -43.4736
truth308 318.161 304.068 -43.4695 -54.0883
truth309 326.025 308.702 -54.0787 -64.2012
truth31 50.6493 40.1036 3.33895 -5.65771
truth310 342.366 318.601 -64.2025 -72.9199
truth311 23.2447 342.314 -71.2711 -80.1248
truth312 63.4442 23.2151 -71.171 -79.9322
truth313 86.7411 63.4308 -63.9134 -72.6897
truth314 96.3692 79.2145 -53.7818 -63.917
truth315 100.924 86.9289 -43.151 -53.7887
truth316 103.54 91.5646 -32.3055 -43.1469
truth317 105.255 94.5273 -21.351 -32.3015
truth318 106.476 96.4251 -10.3298 -21.3477
truth319 107.332 97.6187 0.718573 -10.3285
truth336 302.055 292.475 0.415611 -5.46013
truth337 302.912 293.158 -5.46631 -16.6642
truth338 304.214 293.897 -16.6466 -27.7968
truth339 306.172 294.773 -27.8025 -38.9215
truth340 309.145 295.936 -38.9207 -49.9591
truth341 314.062 297.642 -49.9626 -60.8727
truth342 323.013 300.793 -60.8745 -71.4064
truth343 349.039 309.556 -71.3873 -80.1977
truth344 57.561 348.92 -76.9423 -86.5295
truth345 95.8168 57.5414 -71.0772 -79.9828
truth346 104.234 82.2336 -60.5534 -71.0847
truth347 107.336 91.0585 -49.6498 -60.5561
truth348 109.027 95.8655 -38.5898 -49.6442
truth349 110.164 98.8298 -27.4803 -38.5838
truth350 111.043 100.761 -16.3295 -27.4717
truth351 111.796 102.036 -5.15374 -16.3419
truth352 112.464 102.874 0.72901 -5.16846
truth368 297.615 292.471 -0.151763 -11.3906
truth369 298.5 293.157 -11.3962 -22.6349
truth370 299.712 293.895 -22.6294 -33.8333
truth371 301.441 294.768 -33.8485 -45.0472
truth372 304.079 295.934 -45.0496 -56.2511
truth373 308.696 297.638 -56.2469 -67.4077
truth374 318.602 300.794 -67.4105 -78.3913
truth375 25.265 309.550 -78.3946 -86.5463
truth376 95.8016 25.3677 -78.072 -86.5353
truth377 104.232 86.6958 -67.0779 -78.066
truth378 107.337 96.3692 -55.9262 -67.0833
truth379 109.03 100.932 -44.7386 -55.9201
truth380 110.168 103.536 -33.5114 -44.7372
truth381 111.043 105.26 -22.3025 -33.5077
truth382 111.801 106.456 -11.0836 -22.296
truth383 112.469 107.309 0.162103 -11.0801
truth4 16.6088 7.2278 3.41696 -5.4472
truth40 358.866 348.022 3.09476 -5.93827
truth41 0.713414 351.15 -5.65628 -14.1059
truth42 5.64468 356.264 -13.161 -21.3507
truth43 13.2568 3.42542 -18.283 -27.1228
truth44 22.5993 12.4361 -20.1005 -30.9202
truth45 32.695 22.526 -20.1039 -30.8459
truth46 41.653 31.7953 -18.2369 -27.0111
truth47 48.7822 39.3708 -13.064 -21.1848
truth48 53.8866 44.2683 -5.53244 -13.9334
truth49 56.9765 46.0624 3.22678 -5.749
truth5 22.4975 13.6029 -2.40131 -11.8171
truth6 31.4151 22.4729 -2.40234 -11.7809
truth60 352.849 341.644 2.91999 -6.05031
truth61 354.343 344.173 -5.80823 -14.2538
truth62 358.245 348.351 -13.7844 -21.8461
truth63 4.51696 354.314 -20.2961 -28.4932
truth64 12.8949 2.20317 -24.6077 -33.7868
truth65 22.6077 11.8377 -26.1205 -37.2441
truth66 33.3336 22.5479 -26.1194 -37.1803
truth67 42.9479 32.1993 -24.5565 -33.6762
truth68 50.7823 40.5354 -20.1988 -28.3418
truth69 56.712 46.7732 -13.6498 -21.6491
truth7 37.7509 28.3224 3.44932 -5.34201
truth70 60.8235 50.6354 -5.65113 -14.0409
truth71 63.3456 52.0815 3.08131 -5.82908
truth84 346.758 335.183 2.7067 -6.14559
truth85 348.019 337.258 -5.9301 -14.2973
truth86 351.156 340.621 -14.0915 -22.0192
truth87 356.266 345.46 -21.3328 -29.1672
truth88 3.43245 352.067 -27.1198 -35.4176
truth89 12.4427 0.627251 -30.9084 -40.386
truth90 22.6323 11.032 -32.2112 -43.6437
truth91 34.2087 22.5703 -32.2099 -43.5579
truth92 44.5665 32.695 -30.8501 -40.2812
truth93 53.1019 41.6574 -27.0151 -35.2661
truth94 59.6415 48.7803 -21.185 -28.9859
truth95 64.4444 53.874 -13.9206 -21.8066
truth96 67.7534 56.9703 -5.74017 -14.072
truth97 69.7989 58.1882 2.89773 -5.9123
