0 89.9999697811 59.999995805 -59.639508548 -61.0000916477
1 89.9999503041 59.9999817266 -58.3207880583 -59.6395074081
2 89.999988844 59.9999795905 -57.1016642869 -58.320787534
3 89.999957373 59.9999956865 -55.9512826678 -57.1016637043
4 89.9999955211 59.999988595 -54.7958763189 -55.9512825597
5 89.9999659797 60.0000011558 -53.6228648376 -54.795875665
6 89.9999733722 60.000002923 -52.4918680265 -53.6228642435
7 89.9999914552 60.0000380642 -51.3910300773 -52.4918678678
8 89.9999825331 60.0000095186 -50.3555406581 -51.3910294068
9 89.9999930349 59.9999574591 -49.2963206663 -50.3555400853
10 89.9999851703 59.9999852 -48.2709990774 -49.2963193311
11 89.9999400623 59.9999784386 -47.2619356309 -48.2709977597
12 89.9999815392 60.0000136435 -46.3131982757 -47.261934166
13 89.9999543424 59.9999121487 -45.3834976685 -46.3131979839
14 89.9999979831 59.9999762853 -44.4555475579 -45.3834967835
15 89.9999461356 60.0000160874 -43.5047471728 -44.4555457689
16 89.9999945911 60.0000168873 -42.6078663755 -43.5047467377
17 89.9998867389 60.0000299582 -41.7063742444 -42.6078661152
18 89.9999610657 60.0000019014 -40.854231771 -41.706374202
19 89.9999817202 60.0000058911 -39.9999707973 -40.8542317425
